Evolution Benchmark report

Version            - 3.3.0
Date               - 03:58 11/01/2024
Compiler           - cc (Debian 12.2.0-14) 12.2.0
Logical cores      - 24
KEYWORD_CPU_ARCH_ID- INTEL_CORE_12GEN
Important          - 1
CLOCKRATE_MAX      - 5200
TDP_MAX            - 241
CPU name           - Intel(R) Core(TM) i9-12900K
Comment            - Debian 12

OVERALL RESULT     - 5515

Single core        - 1522
Multi core         - 18786 (MP ratio x12.3)
Quad core          - 5868 (MP ratio x3.9)
Workstation        - 18524 (MP ratio x12.2)

+---------------+-------------+-------------+-------------+-------------+
| Non optimized | Single core |  Multi core |  Quad core  | Workstation |
+---------------+-------------+-------------+-------------+-------------+
| Maximum       |        4663 |       49555 |       17945 |       48684 |
| Average       |        1798 |       21414 |        6919 |       21099 |
| Geometric     |        1522 |       18786 |        5868 |       18524 |
| Harmonic      |        1311 |       16724 |        5070 |       16504 |
| Minimum       |         642 |        9054 |        2475 |        8955 |
+---------------+-------------+-------------+-------------+-------------+
| 1             |        3233 |       36027 |       12446 |       34409 |
| 2             |        2185 |       25515 |        7914 |       24593 |
| 3             |        1325 |       17641 |        5092 |       16999 |
| 4             |        1332 |       17216 |        5127 |       16683 |
| 5             |         967 |       14903 |        3746 |       14417 |
| 6             |        1170 |       13482 |        4512 |       12979 |
| 7             |        4663 |       49555 |       17945 |       48684 |
| 8             |        2352 |       26037 |        9173 |       26004 |
| 9             |        3201 |       34287 |       12302 |       34296 |
| 10            |         921 |        9903 |        3542 |        9833 |
| 11            |         642 |        9054 |        2490 |        8955 |
| 12            |         820 |       11562 |        3344 |       11420 |
| 13            |         644 |        9151 |        2475 |        8992 |
| 14            |        1015 |       11756 |        3904 |       11695 |
| 15            |        2108 |       23360 |        8087 |       23222 |
| 16            |        1474 |       16693 |        5796 |       16524 |
| 17            |        1822 |       25984 |        7034 |       26144 |
| 18            |        1621 |       16906 |        6242 |       17056 |
| 19            |         780 |       12888 |        3004 |       12887 |
| 20            |        3218 |       41521 |       12377 |       41306 |
| 21            |        1046 |       11644 |        4050 |       11704 |
| 22            |        3987 |       43937 |       15311 |       43127 |
| 23            |        1718 |       21590 |        6588 |       21207 |
| 24            |         915 |       13315 |        3546 |       13250 |
+---------------+-------------+-------------+-------------+-------------+

Optimized score - 23971 (optimized ratio x4.3)

Single core        - 6638
Multi core         - 80137 (MP ratio x12.1)
Quad core          - 25894 (MP ratio x3.9)
Workstation        - 80292 (MP ratio x12.1)

+---------------+-------------+-------------+-------------+-------------+
| Optimized     | Single core |  Multi core |  Quad core  | Workstation |
+---------------+-------------+-------------+-------------+-------------+
| Maximum       |       29757 |      295501 |      114564 |      296595 |
| Average       |        9081 |      100093 |       35170 |      100700 |
| Geometric     |        6638 |       80137 |       25894 |       80292 |
| Harmonic      |        4985 |       66404 |       19606 |       66357 |
| Minimum       |        1725 |       32864 |        6656 |       32482 |
+---------------+-------------+-------------+-------------+-------------+
| 1             |       24864 |      261435 |       96746 |      250821 |
| 2             |        7779 |       90249 |       29627 |       87495 |
| 3             |        8158 |      103985 |       31883 |      101422 |
| 4             |        7794 |       85726 |       29847 |       83144 |
| 5             |        2956 |       37530 |       11332 |       36389 |
| 6             |        4125 |       48717 |       16104 |       48361 |
| 7             |       29757 |      295501 |      114564 |      296595 |
| 8             |       14915 |      142069 |       57496 |      144678 |
| 9             |       15185 |      155070 |       58572 |      157407 |
| 10            |        6801 |       75137 |       26200 |       75669 |
| 11            |        3999 |       44079 |       15320 |       43603 |
| 12            |        9235 |       87419 |       35547 |       87116 |
| 13            |        2464 |       40896 |       12880 |       39994 |
| 14            |        4136 |       41243 |       15984 |       41779 |
| 15            |        8448 |      101375 |       32563 |      103408 |
| 16            |        5129 |       61417 |       19764 |       61313 |
| 17            |        5362 |       79595 |       20718 |       80538 |
| 18            |       19977 |      173051 |       76973 |      181537 |
| 19            |        1725 |       32864 |        6656 |       32482 |
| 20            |        1873 |       35097 |        7205 |       35100 |
| 21            |       20354 |      230736 |       78634 |      246714 |
| 22            |        5493 |       62884 |       21211 |       65182 |
| 23            |        4879 |       81906 |       18715 |       80331 |
| 24            |        2533 |       34242 |        9527 |       35728 |
+---------------+-------------+-------------+-------------+-------------+
