Evolution Benchmark report

Version            - 3.3.1
Date               - 13:17 25/06/2025
Compiler           - cc (Debian 12.2.0-14+deb12u1) 12.2.0
Logical cores      - 12
CPU name           - AMD Ryzen 5 5600U with Radeon Graphics         
Comment            - AMD Ryzen 5 5600U / 64-bit Debian Linux 12

OVERALL RESULT     - 2410

Single core        - 888   
Multi core         - 5169   (MP ratio x5.8)
Quad core          - 3048   (MP ratio x3.4)
Workstation        - 4399   (MP ratio x5.0)

+---------------+-------------+-------------+-------------+-------------+
| Non optimized | Single core |  Multi core |   Quad core | Workstation |
+---------------+-------------+-------------+-------------+-------------+
| Maximum       |        2992 |       13567 |       10008 |       11598 |
| Average       |        1065 |        5868 |        3632 |        5001 |
| Geometric     |         888 |        5169 |        3048 |        4399 |
| Harmonic      |         755 |        4607 |        2602 |        3912 |
| Minimum       |         314 |        2172 |        1081 |        1808 |
+---------------+-------------+-------------+-------------+-------------+
| 1             |        2220 |        9766 |        7384 |        8659 |
| 2             |        1144 |        5542 |        3904 |        4954 |
| 3             |         712 |        5453 |        2539 |        4753 |
| 4             |         740 |        4897 |        2602 |        4257 |
| 5             |         583 |        4600 |        2051 |        3924 |
| 6             |         598 |        3718 |        2035 |        3214 |
| 7             |        2992 |       13567 |       10008 |       11598 |
| 8             |        1572 |        7142 |        5252 |        6077 |
| 9             |        2028 |        9674 |        6839 |        8197 |
| 10            |         486 |        2815 |        1667 |        2390 |
| 11            |         349 |        2795 |        1226 |        2370 |
| 12            |         588 |        3031 |        2004 |        2575 |
| 13            |         314 |        2172 |        1081 |        1808 |
| 14            |         515 |        3048 |        1743 |        2564 |
| 15            |        1295 |        6099 |        4433 |        5219 |
| 16            |         877 |        4262 |        2964 |        3572 |
| 17            |         891 |        7621 |        3139 |        6412 |
| 18            |        1022 |        4898 |        3547 |        4162 |
| 19            |         463 |        3855 |        1638 |        3282 |
| 20            |        1356 |       10667 |        4816 |        9104 |
| 21            |         727 |        3191 |        2373 |        2723 |
| 22            |        2347 |       12135 |        7788 |       10123 |
| 23            |        1075 |        5924 |        3825 |        4837 |
| 24            |         676 |        3956 |        2305 |        3258 |
+---------------+-------------+-------------+-------------+-------------+

Optimized score - 9611 (optimized ratio x4.0)

Single core        - 4064  
Multi core         - 17935  (MP ratio x4.4)
Quad core          - 12179  (MP ratio x3.0)
Workstation        - 18511  (MP ratio x4.6)

+---------------+-------------+-------------+-------------+-------------+
| Optimized     | Single core |  Multi core |   Quad core | Workstation |
+---------------+-------------+-------------+-------------+-------------+
| Maximum       |       17967 |       66175 |       52393 |       68137 |
| Average       |        5424 |       21501 |       15904 |       22317 |
| Geometric     |        4064 |       17935 |       12179 |       18511 |
| Harmonic      |        3204 |       15541 |        9804 |       15950 |
| Minimum       |        1358 |        7278 |        4282 |        7438 |
+---------------+-------------+-------------+-------------+-------------+
| 1             |       15881 |       54029 |       44548 |       53638 |
| 2             |        4530 |       17177 |       12784 |       17263 |
| 3             |        4287 |       21841 |       12970 |       21898 |
| 4             |        4148 |       19079 |       12283 |       19039 |
| 5             |        1897 |       11716 |        5956 |       11370 |
| 6             |        2138 |       10157 |        6476 |       10019 |
| 7             |       17967 |       66175 |       52393 |       68137 |
| 8             |        9417 |       30236 |       27234 |       31784 |
| 9             |        9157 |       30701 |       27184 |       32076 |
| 10            |        4987 |       16523 |       14661 |       16981 |
| 11            |        2168 |       10657 |        6568 |       10654 |
| 12            |        3743 |       12368 |       10987 |       12218 |
| 13            |        1358 |        7278 |        4282 |        7438 |
| 14            |        2520 |       10248 |        7375 |       10522 |
| 15            |        4761 |       19992 |       14725 |       22072 |
| 16            |        4165 |       15362 |       12103 |       15052 |
| 17            |        3270 |       19706 |       10040 |       20110 |
| 18            |       10777 |       39034 |       30611 |       41690 |
| 19            |        1366 |       10065 |        4393 |       10122 |
| 20            |        1656 |       11784 |        5654 |       11817 |
| 21            |       11566 |       40370 |       33215 |       45441 |
| 22            |        3386 |       13445 |        9681 |       14895 |
| 23            |        3064 |       18673 |        9659 |       20804 |
| 24            |        1955 |        9411 |        5913 |       10561 |
+---------------+-------------+-------------+-------------+-------------+
