Evolution Benchmark report

Version            - 3.3.0
Date               - 18:56 17/12/2023
Compiler           - cc (Debian 12.2.0-14) 12.2.0
Logical cores      - 16
Important          - 1
CLOCKRATE_MAX      - 3800
CLOCKRATE_BASE     - 3400
TDP_MAX            - 95
KEYWORD_CPU_ARCH_ID- AMD_ZEN1
CPU name           - AMD Ryzen 7 1700X Eight-Core Processor         
Comment            - 

OVERALL RESULT     - 2411

Single core        - 715
Multi core         - 7154 (MP ratio x10.0)
Quad core          - 2739 (MP ratio x3.8)
Workstation        - 7024 (MP ratio x9.8)

+---------------+-------------+-------------+-------------+-------------+
| Non optimized | Single core |  Multi core |  Quad core  | Workstation |
+---------------+-------------+-------------+-------------+-------------+
| Maximum       |        2187 |       17820 |        8459 |       17307 |
| Average       |         829 |        8075 |        3191 |        7913 |
| Geometric     |         715 |        7154 |        2739 |        7024 |
| Harmonic      |         624 |        6411 |        2382 |        6305 |
| Minimum       |         274 |        3081 |        1017 |        3031 |
+---------------+-------------+-------------+-------------+-------------+
| 1             |        1411 |       12096 |        5607 |       11944 |
| 2             |        1026 |        8593 |        3812 |        8571 |
| 3             |         643 |        7288 |        2498 |        7239 |
| 4             |         692 |        7132 |        2602 |        7120 |
| 5             |         497 |        6304 |        1914 |        6269 |
| 6             |         585 |        5327 |        2234 |        5236 |
| 7             |        2187 |       17820 |        8459 |       17307 |
| 8             |        1255 |        9274 |        4777 |        9141 |
| 9             |        1665 |       12682 |        6512 |       12567 |
| 10            |         389 |        3971 |        1546 |        3966 |
| 11            |         334 |        4105 |        1303 |        4038 |
| 12            |         391 |        4094 |        1504 |        4056 |
| 13            |         274 |        3081 |        1017 |        3031 |
| 14            |         466 |        4424 |        1718 |        4324 |
| 15            |         963 |        8038 |        3709 |        7779 |
| 16            |         704 |        5930 |        2640 |        5724 |
| 17            |         733 |       11758 |        2662 |       11509 |
| 18            |         761 |        6051 |        2990 |        5898 |
| 19            |         425 |        6011 |        1616 |        5956 |
| 20            |        1202 |       17578 |        4690 |       17031 |
| 21            |         537 |        4230 |        2056 |        4146 |
| 22            |        1483 |       14935 |        5763 |       14474 |
| 23            |         840 |        7790 |        3300 |        7284 |
| 24            |         443 |        5289 |        1666 |        5295 |
+---------------+-------------+-------------+-------------+-------------+

Optimized score - 10371 (optimized ratio x4.3)

Single core        - 3111
Multi core         - 29827 (MP ratio x9.6)
Quad core          - 12022 (MP ratio x3.9)
Workstation        - 28982 (MP ratio x9.3)

+---------------+-------------+-------------+-------------+-------------+
| Optimized     | Single core |  Multi core |  Quad core  | Workstation |
+---------------+-------------+-------------+-------------+-------------+
| Maximum       |       15065 |      111046 |       58838 |      105828 |
| Average       |        4328 |       35978 |       16825 |       34933 |
| Geometric     |        3111 |       29827 |       12022 |       28982 |
| Harmonic      |        2302 |       25054 |        8842 |       24402 |
| Minimum       |         710 |        9640 |        2675 |        9434 |
+---------------+-------------+-------------+-------------+-------------+
| 1             |       13208 |       86423 |       51641 |       84143 |
| 2             |        3908 |       30528 |       15215 |       29966 |
| 3             |        3438 |       42439 |       13386 |       40632 |
| 4             |        3671 |       36046 |       14072 |       34692 |
| 5             |        1315 |       17793 |        5150 |       17156 |
| 6             |        1886 |       20735 |        7153 |       19891 |
| 7             |       15065 |      111046 |       58838 |      105828 |
| 8             |        7548 |       45125 |       29214 |       44635 |
| 9             |        7938 |       51910 |       30950 |       50575 |
| 10            |        3606 |       21715 |       14014 |       21391 |
| 11            |        1514 |       18851 |        5875 |       18007 |
| 12            |        3594 |       29837 |       14211 |       29600 |
| 13            |         710 |        9640 |        2675 |        9434 |
| 14            |        1537 |       14974 |        5857 |       14843 |
| 15            |        4724 |       40445 |       17851 |       40365 |
| 16            |        2811 |       25629 |       11276 |       24508 |
| 17            |        2722 |       36036 |       10163 |       33363 |
| 18            |        7755 |       62673 |       30613 |       61251 |
| 19            |        1084 |       15929 |        4043 |       15806 |
| 20            |        1355 |       20114 |        5196 |       19761 |
| 21            |        8532 |       58727 |       33535 |       59074 |
| 22            |        2490 |       23622 |        9645 |       21171 |
| 23            |        2444 |       32645 |        9272 |       31627 |
| 24            |        1010 |       10597 |        3959 |       10674 |
+---------------+-------------+-------------+-------------+-------------+
