Evolution Benchmark report

Version            - 3.3.0
Date               - 02:56 13/01/2024
Compiler           - cc (Debian 12.2.0-14) 12.2.0
Logical cores      - 8
KEYWORD_CPU_ARCH_ID- INTEL_CORE_2GEN
Important          - 1
CLOCKRATE_MAX      - 3800
TDP_MAX            - 95
CPU name           - Intel(R) Core(TM) i7-2600 CPU @ 3.40GHz
Comment            - Debian 12

OVERALL RESULT     - 1605

Single core        - 633
Multi core         - 2747 (MP ratio x4.3)
Quad core          - 2376 (MP ratio x3.8)
Workstation        - 2757 (MP ratio x4.4)

+---------------+-------------+-------------+-------------+-------------+
| Non optimized | Single core |  Multi core |  Quad core  | Workstation |
+---------------+-------------+-------------+-------------+-------------+
| Maximum       |        1619 |        6354 |        6111 |        6257 |
| Average       |         699 |        3021 |        2629 |        3026 |
| Geometric     |         633 |        2747 |        2376 |        2757 |
| Harmonic      |         575 |        2503 |        2157 |        2516 |
| Minimum       |         282 |        1254 |        1054 |        1257 |
+---------------+-------------+-------------+-------------+-------------+
| 1             |         866 |        5035 |        3991 |        4914 |
| 2             |         968 |        3496 |        3094 |        3460 |
| 3             |         789 |        3243 |        2986 |        3179 |
| 4             |         732 |        2990 |        2751 |        2949 |
| 5             |         478 |        2736 |        1983 |        2679 |
| 6             |         558 |        2192 |        2043 |        2194 |
| 7             |        1619 |        6354 |        6111 |        6257 |
| 8             |         888 |        3499 |        3350 |        3497 |
| 9             |        1186 |        4298 |        4495 |        4299 |
| 10            |         340 |        1393 |        1292 |        1392 |
| 11            |         395 |        1759 |        1457 |        1770 |
| 12            |         332 |        1759 |        1466 |        1751 |
| 13            |         282 |        1254 |        1054 |        1257 |
| 14            |         472 |        1805 |        1500 |        1811 |
| 15            |         678 |        3186 |        2462 |        3153 |
| 16            |         586 |        2384 |        2171 |        2426 |
| 17            |         971 |        4853 |        3785 |        4909 |
| 18            |         595 |        2311 |        2194 |        2290 |
| 19            |         477 |        2513 |        1748 |        2551 |
| 20            |        1064 |        5235 |        4072 |        5331 |
| 21            |         386 |        1551 |        1413 |        1537 |
| 22            |         974 |        4153 |        3547 |        4169 |
| 23            |         700 |        2611 |        2561 |        2801 |
| 24            |         431 |        1899 |        1572 |        2055 |
+---------------+-------------+-------------+-------------+-------------+

Optimized score - 6003 (optimized ratio x3.7)

Single core        - 2276
Multi core         - 11147 (MP ratio x4.9)
Quad core          - 8525 (MP ratio x3.7)
Workstation        - 11222 (MP ratio x4.9)

+---------------+-------------+-------------+-------------+-------------+
| Optimized     | Single core |  Multi core |  Quad core  | Workstation |
+---------------+-------------+-------------+-------------+-------------+
| Maximum       |       11086 |       41638 |       40873 |       41764 |
| Average       |        3062 |       13661 |       11443 |       13725 |
| Geometric     |        2276 |       11147 |        8525 |       11222 |
| Harmonic      |        1820 |        9394 |        6822 |        9481 |
| Minimum       |         863 |        4411 |        3225 |        4477 |
+---------------+-------------+-------------+-------------+-------------+
| 1             |        9268 |       35312 |       34764 |       35390 |
| 2             |        2930 |       11664 |       11001 |       11703 |
| 3             |        2380 |       16528 |        8838 |       16534 |
| 4             |        2504 |       12631 |        9287 |       12673 |
| 5             |         989 |        6453 |        3653 |        6456 |
| 6             |        1902 |        9380 |        7041 |        9368 |
| 7             |       11086 |       41638 |       40873 |       41764 |
| 8             |        5346 |       20127 |       19786 |       20147 |
| 9             |        6493 |       23146 |       24130 |       23294 |
| 10            |        2002 |        7840 |        7504 |        7854 |
| 11            |        1262 |        7881 |        4737 |        7893 |
| 12            |        2658 |       13038 |        9882 |       13017 |
| 13            |         863 |        4411 |        3225 |        4477 |
| 14            |        1427 |        6046 |        5366 |        6116 |
| 15            |        1411 |        5953 |        5349 |        6291 |
| 16            |        1998 |        9478 |        7537 |        9565 |
| 17            |        1973 |       13426 |        7430 |       13481 |
| 18            |        4095 |       19947 |       15618 |       20149 |
| 19            |         930 |        7063 |        3509 |        7056 |
| 20            |         926 |        5677 |        3476 |        5790 |
| 21            |        6504 |       25436 |       24557 |       25564 |
| 22            |        1201 |        5029 |        4555 |        5096 |
| 23            |        2162 |       14019 |        8159 |       13951 |
| 24            |        1167 |        5745 |        4355 |        5763 |
+---------------+-------------+-------------+-------------+-------------+
