Evolution Benchmark report

Version            - 3.3.0
Date               - 16:27 17/12/2023
Compiler           - cc (Debian 12.2.0-14) 12.2.0
Logical cores      - 12
KEYWORD_CPU_ARCH_ID- INTEL_CORE_8GEN
Important          - 1
CLOCKRATE_MAX      - 4600
TDP_MAX            - 80
CPU name           - Intel(R) Core(TM) i7-8700 CPU @ 3.20GHz
Comment            - 

OVERALL RESULT     - 2763

Single core        - 943
Multi core         - 6160 (MP ratio x6.5)
Quad core          - 3632 (MP ratio x3.9)
Workstation        - 5969 (MP ratio x6.3)

+---------------+-------------+-------------+-------------+-------------+
| Non optimized | Single core |  Multi core |  Quad core  | Workstation |
+---------------+-------------+-------------+-------------+-------------+
| Maximum       |        2137 |       13810 |        8206 |       13267 |
| Average       |        1056 |        6838 |        4066 |        6635 |
| Geometric     |         943 |        6160 |        3632 |        5969 |
| Harmonic      |         847 |        5580 |        3262 |        5404 |
| Minimum       |         420 |        2897 |        1627 |        2836 |
+---------------+-------------+-------------+-------------+-------------+
| 1             |        1810 |       10057 |        7032 |        9727 |
| 2             |        1280 |        7801 |        4941 |        7461 |
| 3             |         983 |        6463 |        3811 |        6239 |
| 4             |         912 |        6174 |        3618 |        5889 |
| 5             |         698 |        5757 |        2694 |        5527 |
| 6             |         783 |        4667 |        2982 |        4489 |
| 7             |        2137 |       12400 |        8206 |       12388 |
| 8             |        1370 |        7954 |        5222 |        7749 |
| 9             |        1876 |       10670 |        7239 |       10326 |
| 10            |         565 |        3427 |        2172 |        3312 |
| 11            |         488 |        3465 |        1880 |        3318 |
| 12            |         564 |        3561 |        2183 |        3415 |
| 13            |         420 |        2897 |        1627 |        2836 |
| 14            |         613 |        3809 |        2309 |        3741 |
| 15            |        1237 |        7437 |        4762 |        7220 |
| 16            |         792 |        5014 |        3036 |        4855 |
| 17            |        1296 |        9886 |        5038 |        9641 |
| 18            |         941 |        5478 |        3637 |        5420 |
| 19            |         605 |        5301 |        2337 |        5236 |
| 20            |        1790 |       13188 |        6813 |       12954 |
| 21            |         646 |        3688 |        2519 |        3596 |
| 22            |        1906 |       13810 |        7275 |       13267 |
| 23            |        1044 |        6825 |        4000 |        6438 |
| 24            |         588 |        4394 |        2243 |        4196 |
+---------------+-------------+-------------+-------------+-------------+

Optimized score - 10691 (optimized ratio x3.9)

Single core        - 3602
Multi core         - 24552 (MP ratio x6.8)
Quad core          - 13818 (MP ratio x3.8)
Workstation        - 24091 (MP ratio x6.7)

+---------------+-------------+-------------+-------------+-------------+
| Optimized     | Single core |  Multi core |  Quad core  | Workstation |
+---------------+-------------+-------------+-------------+-------------+
| Maximum       |       15682 |       86482 |       60345 |       83395 |
| Average       |        4887 |       29805 |       18730 |       29137 |
| Geometric     |        3602 |       24552 |       13818 |       24091 |
| Harmonic      |        2762 |       20573 |       10611 |       20288 |
| Minimum       |        1125 |        7499 |        4316 |        7731 |
+---------------+-------------+-------------+-------------+-------------+
| 1             |       13717 |       73392 |       52515 |       70119 |
| 2             |        4779 |       26649 |       18156 |       25283 |
| 3             |        3515 |       27097 |       13299 |       26836 |
| 4             |        3271 |       22238 |       12626 |       21814 |
| 5             |        1447 |       13813 |        5791 |       13477 |
| 6             |        2019 |       17378 |        7803 |       16698 |
| 7             |       15682 |       86482 |       60345 |       83395 |
| 8             |        8477 |       42952 |       32267 |       41913 |
| 9             |        8176 |       45358 |       30944 |       44172 |
| 10            |        4063 |       21397 |       15717 |       20824 |
| 11            |        1683 |       14162 |        6497 |       13972 |
| 12            |        4048 |       28368 |       15371 |       27808 |
| 13            |        1670 |        9923 |        6304 |        9839 |
| 14            |        2023 |       13571 |        7900 |       13124 |
| 15            |        7096 |       39253 |       26904 |       38398 |
| 16            |        3785 |       22723 |       14545 |       21902 |
| 17            |        2603 |       25632 |       10058 |       25137 |
| 18            |        8834 |       50209 |       33792 |       49339 |
| 19            |        1125 |       12531 |        4316 |       12494 |
| 20            |        1428 |       15630 |        5412 |       15360 |
| 21            |       11020 |       57330 |       42919 |       57839 |
| 22            |        3153 |       18893 |       11894 |       18916 |
| 23            |        2497 |       22846 |        9650 |       22896 |
| 24            |        1180 |        7499 |        4499 |        7731 |
+---------------+-------------+-------------+-------------+-------------+
