Evolution Benchmark report

Version            - 3.3.1
Date               - 19:22 07/07/2025
Compiler           - cc (Debian 12.2.0-14+deb12u1) 12.2.0
Logical cores      - 96
CPU name           - AMD EPYC 9454P 48-Core Processor               
Comment            - AMD EPYC 9454P / 64-bit Linux Debian 12

OVERALL RESULT     - 5501

Single core        - 916   
Multi core         - 49893  (MP ratio x54.5)
Quad core          - 3642   (MP ratio x4.0)
Workstation        - 49697  (MP ratio x54.2)

+---------------+-------------+-------------+-------------+-------------+
| Non optimized | Single core |  Multi core |   Quad core | Workstation |
+---------------+-------------+-------------+-------------+-------------+
| Maximum       |        3015 |      123867 |       12043 |      124158 |
| Average       |        1105 |       56001 |        4400 |       55811 |
| Geometric     |         916 |       49893 |        3642 |       49697 |
| Harmonic      |         777 |       44909 |        3084 |       44746 |
| Minimum       |         312 |       24509 |        1238 |       24391 |
+---------------+-------------+-------------+-------------+-------------+
| 1             |        2119 |       92879 |        8452 |       91385 |
| 2             |        1594 |       66356 |        6389 |       66312 |
| 3             |         644 |       49842 |        2579 |       49802 |
| 4             |         750 |       48726 |        3004 |       48697 |
| 5             |         535 |       41747 |        2139 |       41786 |
| 6             |         545 |       38485 |        2177 |       38419 |
| 7             |        3015 |      123867 |       12043 |      124158 |
| 8             |        1642 |       63494 |        6565 |       63363 |
| 9             |        2192 |       85742 |        8770 |       85918 |
| 10            |         506 |       25455 |        2007 |       25515 |
| 11            |         312 |       25927 |        1238 |       25865 |
| 12            |         610 |       28707 |        2434 |       28756 |
| 13            |         459 |       24509 |        1826 |       24391 |
| 14            |         636 |       33334 |        2464 |       33161 |
| 15            |        1353 |       65316 |        5389 |       65246 |
| 16            |         924 |       41754 |        3686 |       41366 |
| 17            |         759 |       68522 |        3042 |       67005 |
| 18            |        1140 |       46188 |        4534 |       46126 |
| 19            |         422 |       33283 |        1690 |       33474 |
| 20            |        1108 |       99474 |        4656 |       99605 |
| 21            |         829 |       32809 |        2985 |       32913 |
| 22            |        2601 |      114852 |       10257 |      116126 |
| 23            |        1161 |       53889 |        4646 |       51988 |
| 24            |         665 |       38867 |        2633 |       38085 |
+---------------+-------------+-------------+-------------+-------------+

Optimized score - 25313 (optimized ratio x4.6)

Single core        - 4275  
Multi core         - 223113 (MP ratio x52.2)
Quad core          - 17004  (MP ratio x4.0)
Workstation        - 223627 (MP ratio x52.3)

+---------------+-------------+-------------+-------------+-------------+
| Optimized     | Single core |  Multi core |   Quad core | Workstation |
+---------------+-------------+-------------+-------------+-------------+
| Maximum       |       19508 |      781942 |       77885 |      787083 |
| Average       |        5755 |      267966 |       22935 |      268541 |
| Geometric     |        4275 |      223113 |       17004 |      223627 |
| Harmonic      |        3367 |      192782 |       13372 |      193138 |
| Minimum       |        1263 |       93503 |        5054 |       94121 |
+---------------+-------------+-------------+-------------+-------------+
| 1             |       18198 |      692366 |       72893 |      676668 |
| 2             |        4595 |      201277 |       18265 |      201573 |
| 3             |        4442 |      273730 |       17171 |      276421 |
| 4             |        4696 |      227372 |       18818 |      228608 |
| 5             |        2061 |      134444 |        8248 |      134860 |
| 6             |        2192 |      139698 |        8773 |      139813 |
| 7             |       19508 |      781942 |       77885 |      787083 |
| 8             |        9883 |      388100 |       39541 |      389108 |
| 9             |        9723 |      375114 |       39257 |      374594 |
| 10            |        5047 |      178053 |       20193 |      175011 |
| 11            |        2114 |      125832 |        8501 |      126084 |
| 12            |        3893 |      166088 |       15547 |      166172 |
| 13            |        2342 |       93503 |        9044 |       94121 |
| 14            |        2630 |      130386 |       10449 |      130106 |
| 15            |        4608 |      298668 |       18430 |      302151 |
| 16            |        4344 |      195193 |       17551 |      195783 |
| 17            |        3254 |      235478 |       13010 |      238713 |
| 18            |       11578 |      474373 |       45083 |      476653 |
| 19            |        1263 |      110850 |        5054 |      111222 |
| 20            |        1452 |      128278 |        5807 |      128366 |
| 21            |       11595 |      531873 |       46608 |      541653 |
| 22            |        3597 |      184090 |       14389 |      188677 |
| 23            |        2924 |      235689 |       11701 |      234819 |
| 24            |        2182 |      128787 |        8227 |      126726 |
+---------------+-------------+-------------+-------------+-------------+
