Evolution Benchmark report

Version            - 3.3.0
Date               - 16:25 18/12/2023
Compiler           - cc (Debian 12.2.0-14) 12.2.0
Logical cores      - 128
KEYWORD_CPU_ARCH_ID- AMD_ZEN2
Important          - 1
CLOCKRATE_MAX      - 4300
TDP_MAX            - 280
CPU name           - AMD Ryzen Threadripper 3990X 64-Core Processor 
Comment            - Debian 12

OVERALL RESULT     - 5685

Single core        - 904
Multi core         - 55943 (MP ratio x61.9)
Quad core          - 3633 (MP ratio x4.0)
Workstation        - 54489 (MP ratio x60.3)

+---------------+-------------+-------------+-------------+-------------+
| Non optimized | Single core |  Multi core |  Quad core  | Workstation |
+---------------+-------------+-------------+-------------+-------------+
| Maximum       |        2636 |      139500 |       10425 |      137449 |
| Average       |        1052 |       63247 |        4210 |       61666 |
| Geometric     |         904 |       55943 |        3633 |       54489 |
| Harmonic      |         791 |       50196 |        3192 |       48862 |
| Minimum       |         377 |       26724 |        1601 |       26534 |
+---------------+-------------+-------------+-------------+-------------+
| 1             |        1857 |       95236 |        7408 |       94344 |
| 2             |        1367 |       65928 |        5452 |       64844 |
| 3             |         796 |       58614 |        3183 |       57441 |
| 4             |         840 |       55221 |        3360 |       54659 |
| 5             |         614 |       49224 |        2539 |       48515 |
| 6             |         699 |       39731 |        2818 |       38809 |
| 7             |        2636 |      139500 |       10425 |      137449 |
| 8             |        1492 |       69760 |        6066 |       69251 |
| 9             |        2159 |       97861 |        8624 |       99034 |
| 10            |         492 |       29597 |        1951 |       29488 |
| 11            |         377 |       32110 |        1601 |       31052 |
| 12            |         584 |       32156 |        2328 |       30926 |
| 13            |         409 |       26724 |        1702 |       26534 |
| 14            |         564 |       32227 |        2209 |       31925 |
| 15            |        1169 |       63583 |        4696 |       62626 |
| 16            |         801 |       45676 |        3229 |       45205 |
| 17            |         877 |       89068 |        3481 |       86831 |
| 18            |         937 |       46759 |        3741 |       46767 |
| 19            |         501 |       46797 |        2021 |       45797 |
| 20            |        1480 |      136792 |        5937 |      133919 |
| 21            |         690 |       33669 |        2776 |       32007 |
| 22            |        2200 |      127045 |        8755 |      118553 |
| 23            |        1077 |       60258 |        4315 |       55014 |
| 24            |         619 |       44400 |        2435 |       38983 |
+---------------+-------------+-------------+-------------+-------------+

Optimized score - 24614 (optimized ratio x4.3)

Single core        - 3981
Multi core         - 237249 (MP ratio x59.6)
Quad core          - 15790 (MP ratio x4.0)
Workstation        - 234676 (MP ratio x59.0)

+---------------+-------------+-------------+-------------+-------------+
| Optimized     | Single core |  Multi core |  Quad core  | Workstation |
+---------------+-------------+-------------+-------------+-------------+
| Maximum       |       18243 |      842637 |       72877 |      839431 |
| Average       |        5453 |      287857 |       21707 |      285114 |
| Geometric     |        3981 |      237249 |       15790 |      234676 |
| Harmonic      |        3040 |      198088 |       11994 |      195978 |
| Minimum       |        1273 |       75879 |        4750 |       76166 |
+---------------+-------------+-------------+-------------+-------------+
| 1             |       17415 |      735798 |       69372 |      736266 |
| 2             |        4939 |      237625 |       19638 |      236732 |
| 3             |        4510 |      300798 |       17714 |      297453 |
| 4             |        4452 |      256313 |       17704 |      252857 |
| 5             |        1831 |      147808 |        7299 |      145220 |
| 6             |        2238 |      159936 |        8922 |      157769 |
| 7             |       18243 |      842637 |       72877 |      839431 |
| 8             |        8884 |      380923 |       35393 |      380617 |
| 9             |        9384 |      417167 |       37282 |      418547 |
| 10            |        4380 |      196813 |       17422 |      195823 |
| 11            |        1869 |      133813 |        7418 |      132691 |
| 12            |        5180 |      269500 |       20615 |      265144 |
| 13            |        1338 |       78172 |        5163 |       77274 |
| 14            |        1924 |      127173 |        7666 |      124952 |
| 15            |        5081 |      308359 |       20260 |      294990 |
| 16            |        3647 |      192808 |       14557 |      190359 |
| 17            |        3348 |      279106 |       13346 |      277340 |
| 18            |       10343 |      505847 |       41629 |      497368 |
| 19            |        1371 |      134175 |        5476 |      132448 |
| 20            |        1660 |      162203 |        6637 |      159551 |
| 21            |       11152 |      527975 |       44258 |      521021 |
| 22            |        3284 |      174079 |       13064 |      172105 |
| 23            |        3135 |      263656 |       12502 |      260620 |
| 24            |        1273 |       75879 |        4750 |       76166 |
+---------------+-------------+-------------+-------------+-------------+
