Evolution Benchmark report

Version            - 3.3.0
Date               - 18:22 31/03/2026
Compiler           - gcc (Debian 4.9.2-10+deb8u2) 4.9.2
Logical cores      - 24
CPU name           - AMD Ryzen 9 9900X 12-Core Processor            
Comment            - Full TDP; DDR5-4800 RAM

OVERALL RESULT     - 5817

Single core        - 1514  
Multi core         - 21794  (MP ratio x14.4)
Quad core          - 5967   (MP ratio x3.9)
Workstation        - 21846  (MP ratio x14.4)

+---------------+-------------+-------------+-------------+-------------+
| Non optimized | Single core |  Multi core |   Quad core | Workstation |
+---------------+-------------+-------------+-------------+-------------+
| Maximum       |        5384 |       63434 |       21328 |       64453 |
| Average       |        1965 |       25501 |        7709 |       25606 |
| Geometric     |        1514 |       21794 |        5967 |       21846 |
| Harmonic      |        1167 |       18863 |        4633 |       18910 |
| Minimum       |         370 |        9143 |        1488 |        9256 |
+---------------+-------------+-------------+-------------+-------------+
| 1             |        3714 |       43222 |       14433 |       42724 |
| 2             |        2935 |       30742 |       11459 |       30577 |
| 3             |         741 |       17763 |        3007 |       17830 |
| 4             |        1115 |       18630 |        4480 |       18917 |
| 5             |         623 |       14845 |        2580 |       14889 |
| 6             |         667 |       14978 |        2650 |       14992 |
| 7             |        5384 |       63434 |       21328 |       64453 |
| 8             |        2930 |       31735 |       11492 |       31272 |
| 9             |        4654 |       46053 |       18277 |       44883 |
| 10            |         647 |        9786 |        2584 |        9867 |
| 11            |         370 |        9143 |        1488 |        9256 |
| 12            |        1300 |       15109 |        5071 |       15260 |
| 13            |         791 |        9355 |        3122 |        9368 |
| 14            |        1338 |       15354 |        5192 |       15158 |
| 15            |        2253 |       27986 |        8823 |       27976 |
| 16            |        1843 |       20186 |        7176 |       20095 |
| 17            |        1609 |       30823 |        6353 |       30698 |
| 18            |        1979 |       21062 |        7821 |       21433 |
| 19            |         514 |       11215 |        2043 |       11222 |
| 20            |        2774 |       50235 |       10947 |       50108 |
| 21            |        1331 |       14581 |        5103 |       14740 |
| 22            |        4865 |       51709 |       18871 |       55241 |
| 23            |        1513 |       24182 |        5929 |       24409 |
| 24            |        1257 |       19894 |        4787 |       19184 |
+---------------+-------------+-------------+-------------+-------------+

Optimized score - 26533 (optimized ratio x4.6)

Single core        - 7255  
Multi core         - 90693  (MP ratio x12.5)
Quad core          - 28389  (MP ratio x3.9)
Workstation        - 91041  (MP ratio x12.5)

+---------------+-------------+-------------+-------------+-------------+
| Optimized     | Single core |  Multi core |   Quad core | Workstation |
+---------------+-------------+-------------+-------------+-------------+
| Maximum       |       31922 |      324196 |      125279 |      324631 |
| Average       |        9331 |      107288 |       36379 |      107984 |
| Geometric     |        7255 |       90693 |       28389 |       91041 |
| Harmonic      |        5843 |       79493 |       22950 |       79513 |
| Minimum       |        2082 |       38995 |        8274 |       38908 |
+---------------+-------------+-------------+-------------+-------------+
| 1             |       25894 |      271978 |       96596 |      274653 |
| 2             |        7132 |       84209 |       28381 |       83648 |
| 3             |        8001 |      107331 |       31064 |      107825 |
| 4             |        7098 |       73939 |       26933 |       73894 |
| 5             |        3185 |       50444 |       12576 |       50240 |
| 6             |        4102 |       54917 |       16123 |       54264 |
| 7             |       31922 |      324196 |      125279 |      324631 |
| 8             |       16654 |      177281 |       65143 |      176903 |
| 9             |       18132 |      192842 |       71100 |      193982 |
| 10            |        8246 |       85026 |       32264 |       84174 |
| 11            |        4364 |       59301 |       17016 |       58393 |
| 12            |        7137 |       84351 |       27704 |       82430 |
| 13            |        3873 |       38995 |       15161 |       38908 |
| 14            |        5050 |       59074 |       19782 |       57452 |
| 15            |        7822 |       98795 |       30753 |      107903 |
| 16            |        8108 |       84421 |       31726 |       83957 |
| 17            |        5795 |      103351 |       22754 |      103477 |
| 18            |       19045 |      188144 |       75519 |      191336 |
| 19            |        2082 |       45112 |        8274 |       44626 |
| 20            |        2282 |       48698 |        9093 |       48522 |
| 21            |       10229 |      100858 |       40200 |      102109 |
| 22            |        7260 |       75486 |       28378 |       81648 |
| 23            |        5608 |      103986 |       22076 |      105534 |
| 24            |        4916 |       62170 |       19206 |       61101 |
+---------------+-------------+-------------+-------------+-------------+
