Evolution Benchmark report

Version            - 3.3.1
Date               - 17:00 08/03/2025
Compiler           - gcc (Debian 4.9.2-10+deb8u2) 4.9.2
Logical cores      - 8
CPU name           - AMD Ryzen 5 PRO 2400G with Radeon Vega Graphics
Comment            - 

OVERALL RESULT     - 1814

Single core        - 668   
Multi core         - 3484   (MP ratio x5.2)
Quad core          - 2564   (MP ratio x3.8)
Workstation        - 3482   (MP ratio x5.2)

+---------------+-------------+-------------+-------------+-------------+
| Non optimized | Single core |  Multi core |   Quad core | Workstation |
+---------------+-------------+-------------+-------------+-------------+
| Maximum       |        2292 |        8993 |        8732 |        8804 |
| Average       |         803 |        3955 |        3077 |        3948 |
| Geometric     |         668 |        3484 |        2564 |        3482 |
| Harmonic      |         566 |        3096 |        2179 |        3094 |
| Minimum       |         251 |        1434 |         985 |        1413 |
+---------------+-------------+-------------+-------------+-------------+
| 1             |        1516 |        6242 |        5883 |        6115 |
| 2             |        1026 |        4443 |        3971 |        4395 |
| 3             |         524 |        3779 |        2017 |        3743 |
| 4             |         585 |        3520 |        2255 |        3491 |
| 5             |         408 |        3064 |        1614 |        3026 |
| 6             |         468 |        2714 |        1798 |        2673 |
| 7             |        2292 |        8993 |        8732 |        8804 |
| 8             |        1248 |        4776 |        4800 |        4757 |
| 9             |        1757 |        6573 |        6767 |        6516 |
| 10            |         345 |        1775 |        1314 |        1746 |
| 11            |         251 |        1926 |        1024 |        1891 |
| 12            |         402 |        2076 |        1556 |        2046 |
| 13            |         259 |        1434 |         985 |        1413 |
| 14            |         434 |        2095 |        1595 |        2083 |
| 15            |        1047 |        4284 |        3991 |        4276 |
| 16            |         704 |        2959 |        2699 |        2929 |
| 17            |         629 |        5449 |        2393 |        5414 |
| 18            |         791 |        3134 |        3027 |        3073 |
| 19            |         336 |        2539 |        1287 |        2504 |
| 20            |         963 |        7932 |        3537 |        7845 |
| 21            |         538 |        2108 |        2072 |        2168 |
| 22            |        1473 |        7206 |        5606 |        7482 |
| 23            |         841 |        3529 |        3231 |        3725 |
| 24            |         445 |        2372 |        1706 |        2648 |
+---------------+-------------+-------------+-------------+-------------+

Optimized score - 7587 (optimized ratio x4.2)

Single core        - 2876  
Multi core         - 13555  (MP ratio x4.7)
Quad core          - 11200  (MP ratio x3.9)
Workstation        - 13522  (MP ratio x4.7)

+---------------+-------------+-------------+-------------+-------------+
| Optimized     | Single core |  Multi core |   Quad core | Workstation |
+---------------+-------------+-------------+-------------+-------------+
| Maximum       |       12356 |       48882 |       48171 |       48294 |
| Average       |        3764 |       15989 |       14705 |       15950 |
| Geometric     |        2876 |       13555 |       11200 |       13522 |
| Harmonic      |        2337 |       11851 |        9058 |       11820 |
| Minimum       |        1060 |        5483 |        4104 |        5487 |
+---------------+-------------+-------------+-------------+-------------+
| 1             |       11684 |       39195 |       45641 |       39366 |
| 2             |        3330 |       13564 |       13071 |       13541 |
| 3             |        2743 |       12718 |       10626 |       12655 |
| 4             |        2833 |       14759 |       11063 |       14629 |
| 5             |        1298 |        8543 |        5015 |        8473 |
| 6             |        1789 |        9704 |        6982 |        9797 |
| 7             |       12356 |       48882 |       48171 |       48294 |
| 8             |        8168 |       24453 |       31805 |       24534 |
| 9             |        7715 |       25252 |       30094 |       25237 |
| 10            |        2854 |       10106 |       11049 |       10020 |
| 11            |        1356 |        6494 |        5266 |        6452 |
| 12            |        2744 |       11261 |       10719 |       11121 |
| 13            |        1153 |        5483 |        4270 |        5487 |
| 14            |        1877 |        8176 |        7296 |        8093 |
| 15            |        4254 |       20119 |       18064 |       20098 |
| 16            |        3129 |       13213 |       12125 |       13178 |
| 17            |        2598 |       17953 |       10054 |       17950 |
| 18            |        6888 |       28491 |       26652 |       28496 |
| 19            |        1060 |        7963 |        4104 |        7897 |
| 20            |        1381 |       10213 |        5372 |       10215 |
| 21            |        2891 |       12248 |       11247 |       12322 |
| 22            |        2444 |       11221 |        9501 |       11229 |
| 23            |        2438 |       16664 |        9431 |       16594 |
| 24            |        1363 |        7064 |        5295 |        7108 |
+---------------+-------------+-------------+-------------+-------------+
