Evolution Benchmark report

Version            - 3.3.0
Date               - 21:56 15/05/2026
Compiler           - gcc (Debian/Linaro 4.9.2-10+deb8u1) 4.9.2
Logical cores      - 24
CPU name           - No CPUID information
Comment            - Apple M2 Ultra / 24-core / Mac Studio

OVERALL RESULT     - 2580

Single core        - 641
Multi core         - 11179  (MP ratio x17.4)
Quad core          - 2397   (MP ratio x3.7)
Workstation        - 11168  (MP ratio x17.4)

+---------------+-------------+-------------+-------------+-------------+
| Non optimized | Single core |  Multi core |   Quad core | Workstation |
+---------------+-------------+-------------+-------------+-------------+
| Maximum       |        2739 |       45520 |       10235 |       45091 |
| Average       |         765 |       13023 |        2862 |       13000 |
| Geometric     |         641 |       11179 |        2397 |       11168 |
| Harmonic      |         540 |        9729 |        2019 |        9722 |
| Minimum       |         213 |        4314 |         794 |        4322 |
+---------------+-------------+-------------+-------------+-------------+
| 1             |        1247 |       20302 |        4653 |       20307 |
| 2             |        1112 |       18137 |        4125 |       18127 |
| 3             |         434 |        8326 |        1620 |        8352 |
| 4             |         659 |       11488 |        2459 |       11517 |
| 5             |         243 |        4808 |         908 |        4817 |
| 6             |         342 |        6531 |        1276 |        6524 |
| 7             |         923 |       15711 |        3452 |       15689 |
| 8             |        1040 |       16951 |        3881 |       16962 |
| 9             |        1109 |       18699 |        4151 |       18735 |
| 10            |         527 |        8736 |        1962 |        8687 |
| 11            |         228 |        4441 |         854 |        4436 |
| 12            |         699 |       11699 |        2624 |       11688 |
| 13            |         399 |        6725 |        1503 |        6756 |
| 14            |         477 |        7911 |        1779 |        7870 |
| 15            |        1225 |       19962 |        4584 |       20024 |
| 16            |         607 |       10248 |        2316 |       10243 |
| 17            |         559 |       10605 |        2092 |       10602 |
| 18            |         779 |       12820 |        2926 |       12886 |
| 19            |         213 |        4314 |         794 |        4322 |
| 20            |         915 |       15727 |        3424 |       15673 |
| 21            |         731 |       11811 |        2731 |       11702 |
| 22            |        2739 |       45520 |       10235 |       45091 |
| 23            |         464 |        8649 |        1738 |        8585 |
| 24            |         698 |       12443 |        2607 |       12397 |
+---------------+-------------+-------------+-------------+-------------+

Optimized score - 19366 (optimized ratio x7.5)

Single core        - 4814
Multi core         - 83818  (MP ratio x17.4)
Quad core          - 17998  (MP ratio x3.7)
Workstation        - 83971  (MP ratio x17.4)

+---------------+-------------+-------------+-------------+-------------+
| Optimized     | Single core |  Multi core |   Quad core | Workstation |
+---------------+-------------+-------------+-------------+-------------+
| Maximum       |       29615 |      485278 |      110389 |      484444 |
| Average       |        7202 |      122273 |       26910 |      122398 |
| Geometric     |        4814 |       83818 |       17998 |       83971 |
| Harmonic      |        3495 |       62221 |       13075 |       62313 |
| Minimum       |        1466 |       28142 |        5472 |       28045 |
+---------------+-------------+-------------+-------------+-------------+
| 1             |       20706 |      356554 |       77534 |      356986 |
| 2             |        5116 |       87404 |       19087 |       87432 |
| 3             |        3242 |       56261 |       12110 |       56419 |
| 4             |        3358 |       59706 |       12653 |       59922 |
| 5             |        1749 |       30748 |        6537 |       30667 |
| 6             |        1572 |       28142 |        5864 |       28045 |
| 7             |       29615 |      485278 |      110389 |      484444 |
| 8             |       15295 |      260883 |       57489 |      262290 |
| 9             |       15959 |      258167 |       59815 |      257353 |
| 10            |        5014 |       83500 |       18764 |       83822 |
| 11            |        1984 |       34755 |        7387 |       34579 |
| 12            |        5461 |       95696 |       20153 |       95435 |
| 13            |        2086 |       34417 |        7773 |       34526 |
| 14            |        4658 |       77381 |       17405 |       77479 |
| 15            |        8279 |      142572 |       30962 |      142570 |
| 16            |        5025 |       85365 |       18780 |       84893 |
| 17            |        4144 |       75469 |       15480 |       75308 |
| 18            |       18445 |      305658 |       68576 |      304729 |
| 19            |        1466 |       28346 |        5472 |       28352 |
| 20            |        1676 |       31807 |        6300 |       31881 |
| 21            |        6350 |      111608 |       23734 |      112244 |
| 22            |        5936 |       97648 |       22110 |       99224 |
| 23            |        4043 |       75487 |       15142 |       77019 |
| 24            |        1669 |       31707 |        6328 |       31938 |
+---------------+-------------+-------------+-------------+-------------+
