Evolution Benchmark report

Version            - 3.3.1
Date               - 13:21 02/02/2025
Compiler           - gcc (Debian 4.9.2-10+deb8u2) 4.9.2
Logical cores      - 8
CPU name           - AMD Ryzen 7 4700U with Radeon Graphics         
Comment            - Linux Debian 12 / Multi-core = 25 W TDP / Workstation = 15 W TDP

OVERALL RESULT     - 2354

Single core        - 801   
Multi core         - 5235   (MP ratio x6.5)
Quad core          - 3113   (MP ratio x3.9)
Workstation        - 4663   (MP ratio x5.8)

+---------------+-------------+-------------+-------------+-------------+
| Non optimized | Single core |  Multi core |   Quad core | Workstation |
+---------------+-------------+-------------+-------------+-------------+
| Maximum       |        2586 |       16182 |        9991 |       14525 |
| Average       |         960 |        6163 |        3708 |        5514 |
| Geometric     |         801 |        5235 |        3113 |        4663 |
| Harmonic      |         678 |        4517 |        2660 |        4005 |
| Minimum       |         276 |        2045 |        1168 |        1782 |
+---------------+-------------+-------------+-------------+-------------+
| 1             |        1834 |       11388 |        7043 |       10645 |
| 2             |        1368 |        8382 |        5212 |        7893 |
| 3             |         581 |        3959 |        2291 |        3669 |
| 4             |         656 |        4400 |        2570 |        4034 |
| 5             |         472 |        3414 |        1921 |        3088 |
| 6             |         519 |        3483 |        2043 |        3149 |
| 7             |        2586 |       16182 |        9991 |       14525 |
| 8             |        1298 |        7968 |        4947 |        7221 |
| 9             |        2143 |       12992 |        8074 |       11663 |
| 10            |         396 |        2692 |        1547 |        2363 |
| 11            |         276 |        2045 |        1168 |        1782 |
| 12            |         579 |        3597 |        2216 |        3222 |
| 13            |         364 |        2349 |        1407 |        2062 |
| 14            |         501 |        3229 |        1929 |        2816 |
| 15            |        1220 |        8025 |        4752 |        7029 |
| 16            |         782 |        4980 |        3014 |        4367 |
| 17            |         772 |        5363 |        3026 |        4670 |
| 18            |         941 |        6079 |        3659 |        5360 |
| 19            |         380 |        2691 |        1505 |        2339 |
| 20            |        1230 |        8739 |        4853 |        7613 |
| 21            |         681 |        4198 |        2602 |        3686 |
| 22            |        1866 |       11535 |        7102 |       10186 |
| 23            |        1010 |        6437 |        3872 |        5689 |
| 24            |         594 |        3775 |        2250 |        3274 |
+---------------+-------------+-------------+-------------+-------------+

Optimized score - 8781 (optimized ratio x3.7)

Single core        - 3326  
Multi core         - 17767  (MP ratio x5.3)
Quad core          - 11457  (MP ratio x3.4)
Workstation        - 17643  (MP ratio x5.3)

+---------------+-------------+-------------+-------------+-------------+
| Optimized     | Single core |  Multi core |   Quad core | Workstation |
+---------------+-------------+-------------+-------------+-------------+
| Maximum       |       14451 |       70735 |       45783 |       70275 |
| Average       |        4394 |       22728 |       14685 |       22698 |
| Geometric     |        3326 |       17767 |       11457 |       17643 |
| Harmonic      |        2653 |       14625 |        9412 |       14428 |
| Minimum       |        1012 |        6125 |        3877 |        5962 |
+---------------+-------------+-------------+-------------+-------------+
| 1             |       14451 |       70735 |       45783 |       70275 |
| 2             |        4475 |       21802 |       14440 |       21797 |
| 3             |        3136 |       16549 |       10892 |       16558 |
| 4             |        3657 |       19037 |       12342 |       19017 |
| 5             |        1733 |        9676 |        6192 |        9567 |
| 6             |        2135 |       11526 |        7504 |       11280 |
| 7             |       12971 |       66172 |       43360 |       66128 |
| 8             |        8984 |       44813 |       29371 |       45271 |
| 9             |        9041 |       45796 |       29952 |       46122 |
| 10            |        2229 |       12156 |        7871 |       11914 |
| 11            |        1556 |        8391 |        5475 |        8305 |
| 12            |        3510 |       17562 |       11434 |       17851 |
| 13            |        1409 |        7317 |        4908 |        7204 |
| 14            |        2303 |       11907 |        7683 |       11853 |
| 15            |        4965 |       26470 |       17150 |       26251 |
| 16            |        3922 |       19938 |       12712 |       20099 |
| 17            |        2316 |       12907 |        8482 |       12819 |
| 18            |        8929 |       46094 |       28404 |       46788 |
| 19            |        1012 |        6125 |        3877 |        5962 |
| 20            |        1439 |        9257 |        5715 |        8679 |
| 21            |        3732 |       19303 |       12198 |       19425 |
| 22            |        3018 |       15189 |        9699 |       15408 |
| 23            |        3078 |       17295 |       11178 |       17037 |
| 24            |        1451 |        9448 |        5808 |        9137 |
+---------------+-------------+-------------+-------------+-------------+
