Evolution Benchmark report

Version            - 3.3.0
Date               - 21:56 15/05/2026
Compiler           - gcc (Debian/Linaro 4.9.2-10+deb8u1) 4.9.2
Logical cores      - 10
CPU name           - No CPUID information
Comment            - Apple M1 MAX / 10-core / Mac Studio

OVERALL RESULT     - 1786

Single core        - 571
Multi core         - 4615   (MP ratio x8.1)
Quad core          - 2161   (MP ratio x3.8)
Workstation        - 4607   (MP ratio x8.1)

+---------------+-------------+-------------+-------------+-------------+
| Non optimized | Single core |  Multi core |   Quad core | Workstation |
+---------------+-------------+-------------+-------------+-------------+
| Maximum       |        2531 |       19933 |        9590 |       19942 |
| Average       |         694 |        5531 |        2628 |        5523 |
| Geometric     |         571 |        4615 |        2161 |        4607 |
| Harmonic      |         473 |        3893 |        1789 |        3885 |
| Minimum       |         188 |        1628 |         710 |        1617 |
+---------------+-------------+-------------+-------------+-------------+
| 1             |        1153 |        8945 |        4355 |        8986 |
| 2             |        1080 |        8492 |        4083 |        8373 |
| 3             |         374 |        3175 |        1413 |        3142 |
| 4             |         610 |        4944 |        2308 |        4908 |
| 5             |         204 |        1767 |         773 |        1768 |
| 6             |         316 |        2630 |        1197 |        2647 |
| 7             |         853 |        6813 |        3232 |        6784 |
| 8             |         958 |        7368 |        3607 |        7464 |
| 9             |        1025 |        8076 |        3882 |        8081 |
| 10            |         451 |        3552 |        1709 |        3546 |
| 11            |         188 |        1628 |         710 |        1617 |
| 12            |         658 |        5229 |        2498 |        5184 |
| 13            |         344 |        2703 |        1296 |        2717 |
| 14            |         327 |        2627 |        1230 |        2611 |
| 15            |        1178 |        9116 |        4461 |        9134 |
| 16            |         554 |        4475 |        2118 |        4388 |
| 17            |         511 |        4265 |        1929 |        4230 |
| 18            |         710 |        5616 |        2681 |        5560 |
| 19            |         196 |        1699 |         742 |        1702 |
| 20            |         673 |        5478 |        2556 |        5502 |
| 21            |         689 |        5294 |        2605 |        5317 |
| 22            |        2531 |       19933 |        9590 |       19942 |
| 23            |         417 |        3452 |        1576 |        3482 |
| 24            |         663 |        5457 |        2512 |        5463 |
+---------------+-------------+-------------+-------------+-------------+

Optimized score - 12773 (optimized ratio x7.2)

Single core        - 4073
Multi core         - 33212  (MP ratio x8.2)
Quad core          - 15405  (MP ratio x3.8)
Workstation        - 33219  (MP ratio x8.2)

+---------------+-------------+-------------+-------------+-------------+
| Optimized     | Single core |  Multi core |   Quad core | Workstation |
+---------------+-------------+-------------+-------------+-------------+
| Maximum       |       27301 |      211816 |      103307 |      212714 |
| Average       |        6485 |       51338 |       24539 |       51488 |
| Geometric     |        4073 |       33212 |       15405 |       33219 |
| Harmonic      |        2725 |       23251 |       10297 |       23227 |
| Minimum       |         678 |        7446 |        2558 |        7465 |
+---------------+-------------+-------------+-------------+-------------+
| 1             |       19227 |      148472 |       72690 |      152328 |
| 2             |         678 |        7446 |        2558 |        7465 |
| 3             |        3067 |       24754 |       11703 |       24821 |
| 4             |        3137 |       25044 |       11881 |       25042 |
| 5             |        1628 |       13187 |        6159 |       13095 |
| 6             |        1353 |       11139 |        5113 |       11054 |
| 7             |       27301 |      211816 |      103307 |      212714 |
| 8             |       14186 |      112472 |       53664 |      111892 |
| 9             |       15161 |      117095 |       57392 |      117456 |
| 10            |        4447 |       35064 |       16802 |       35145 |
| 11            |        1696 |       13762 |        6424 |       13699 |
| 12            |        5056 |       40559 |       19090 |       39879 |
| 13            |        1802 |       14151 |        6850 |       14258 |
| 14            |        4286 |       33768 |       16206 |       33606 |
| 15            |        7640 |       61550 |       28856 |       60847 |
| 16            |        4657 |       36513 |       17624 |       36911 |
| 17            |        3678 |       30428 |       13923 |       30267 |
| 18            |       16875 |      132975 |       64016 |      132776 |
| 19            |        1352 |       11485 |        5117 |       11473 |
| 20            |        1555 |       13107 |        5868 |       13097 |
| 21            |        5977 |       48504 |       22631 |       48015 |
| 22            |        5556 |       43540 |       21000 |       44335 |
| 23            |        3748 |       31882 |       14192 |       32211 |
| 24            |        1574 |       13399 |        5865 |       13319 |
+---------------+-------------+-------------+-------------+-------------+
