Evolution Benchmark report

Version            - 3.3.1
Date               - 21:46 09/12/2024
Compiler           - cc (Debian 12.2.0-14) 12.2.0
Logical cores      - 80
Important          - 1
CLOCKRATE_MAX      - 3000
CLOCKRATE_BASE     - 2800
TDP_MAX            - 210
CPU name           - Ampere Altra Q80-30
Comment            - Ampere Altra Q80-30

OVERALL RESULT     - 3966

Single core        - 578   
Multi core         - 46395  (MP ratio x80.3)
Quad core          - 2326   (MP ratio x4.0)
Workstation        - 46322  (MP ratio x80.1)

+---------------+-------------+-------------+-------------+-------------+
| Non optimized | Single core |  Multi core |   Quad core | Workstation |
+---------------+-------------+-------------+-------------+-------------+
| Maximum       |        1693 |      135054 |        6765 |      135184 |
| Average       |         663 |       53131 |        2662 |       53097 |
| Geometric     |         578 |       46395 |        2326 |       46322 |
| Harmonic      |         509 |       40956 |        2054 |       40849 |
| Minimum       |         222 |       17657 |         882 |       17647 |
+---------------+-------------+-------------+-------------+-------------+
| 1             |        1129 |       90333 |        4526 |       90267 |
| 2             |         643 |       51559 |        2583 |       51460 |
| 3             |         586 |       46422 |        2322 |       46421 |
| 4             |         614 |       48942 |        2448 |       48932 |
| 5             |         519 |       41908 |        2095 |       42167 |
| 6             |         428 |       34467 |        1727 |       34655 |
| 7             |        1693 |      135054 |        6765 |      135184 |
| 8             |         768 |       61491 |        3076 |       61432 |
| 9             |        1073 |       85698 |        4290 |       85636 |
| 10            |         335 |       26899 |        1347 |       26907 |
| 11            |         287 |       25733 |        1298 |       25595 |
| 12            |         338 |       26365 |        1352 |       25484 |
| 13            |         222 |       17657 |         882 |       17647 |
| 14            |         324 |       25869 |        1294 |       25816 |
| 15            |         726 |       58064 |        2907 |       58067 |
| 16            |         465 |       37536 |        1874 |       37404 |
| 17            |         795 |       64332 |        3236 |       64618 |
| 18            |         691 |       55171 |        2762 |       55216 |
| 19            |         462 |       36593 |        1829 |       36404 |
| 20            |         867 |       69238 |        3467 |       69238 |
| 21            |         356 |       28442 |        1426 |       28471 |
| 22            |        1520 |      121229 |        6065 |      121225 |
| 23            |         731 |       58611 |        2933 |       58556 |
| 24            |         348 |       27538 |        1380 |       27526 |
+---------------+-------------+-------------+-------------+-------------+

Optimized score - 20294 (optimized ratio x5.1)

Single core        - 2968  
Multi core         - 237309 (MP ratio x80.0)
Quad core          - 11867  (MP ratio x4.0)
Workstation        - 237395 (MP ratio x80.0)

+---------------+-------------+-------------+-------------+-------------+
| Optimized     | Single core |  Multi core |   Quad core | Workstation |
+---------------+-------------+-------------+-------------+-------------+
| Maximum       |       13032 |     1043111 |       52135 |     1043284 |
| Average       |        3788 |      302931 |       15149 |      303061 |
| Geometric     |        2968 |      237309 |       11867 |      237395 |
| Harmonic      |        2407 |      192463 |        9624 |      192503 |
| Minimum       |         933 |       74694 |        3732 |       74698 |
+---------------+-------------+-------------+-------------+-------------+
| 1             |        9680 |      773675 |       38733 |      775666 |
| 2             |        2802 |      224479 |       11232 |      224519 |
| 3             |        3016 |      241110 |       12061 |      241635 |
| 4             |        2557 |      204671 |       10223 |      204905 |
| 5             |        1310 |      104677 |        5240 |      104608 |
| 6             |        2048 |      164023 |        8209 |      164041 |
| 7             |       13032 |     1043111 |       52135 |     1043284 |
| 8             |        6667 |      532883 |       26648 |      532051 |
| 9             |        6421 |      512851 |       25676 |      513175 |
| 10            |        2690 |      214974 |       10759 |      215103 |
| 11            |        1585 |      126971 |        6340 |      127010 |
| 12            |        3503 |      281144 |       14008 |      282535 |
| 13            |         995 |       79542 |        3976 |       79491 |
| 14            |        1602 |      127773 |        6395 |      127888 |
| 15            |        3901 |      312375 |       15647 |      312130 |
| 16            |        2380 |      190155 |        9511 |      190155 |
| 17            |        2394 |      191203 |        9581 |      191481 |
| 18            |        6575 |      525926 |       26300 |      525293 |
| 19            |        1507 |      120557 |        6027 |      120455 |
| 20            |        3089 |      246934 |       12263 |      246774 |
| 21            |        7095 |      567565 |       28392 |      567463 |
| 22            |        2268 |      180593 |        9056 |      180435 |
| 23            |        2860 |      228456 |       11444 |      228661 |
| 24            |         933 |       74694 |        3732 |       74698 |
+---------------+-------------+-------------+-------------+-------------+
