Evolution Benchmark report

Version            - 3.3.0
Date               - 03:43 15/05/2026
Compiler           - Apple clang version 15.0.0 (clang-1500.3.9.4)
Logical cores      - 24
KEYWORD_CPU_ARCH_ID- APPLE_M2
Important          - 0
CLOCKRATE_MAX      - 3500
TDP_MAX            - 160
CPU name           - Apple M2 Ultra
Comment            - Apple M2 Ultra / Mac Studio

OVERALL RESULT     - 4721

Single core        - 1143  
Multi core         - 21115  (MP ratio x18.5)
Quad core          - 4359   (MP ratio x3.8)
Workstation        - 21161  (MP ratio x18.5)

+---------------+-------------+-------------+-------------+-------------+
| Non optimized | Single core |  Multi core |   Quad core | Workstation |
+---------------+-------------+-------------+-------------+-------------+
| Maximum       |        3913 |       67940 |       14745 |       66097 |
| Average       |        1445 |       25909 |        5509 |       25907 |
| Geometric     |        1143 |       21115 |        4359 |       21161 |
| Harmonic      |         917 |       17486 |        3501 |       17553 |
| Minimum       |         329 |        7051 |        1287 |        7059 |
+---------------+-------------+-------------+-------------+-------------+
| 1             |        2305 |       39817 |        8812 |       39847 |
| 2             |        1688 |       29465 |        6360 |       29500 |
| 3             |         690 |       13781 |        2602 |       13782 |
| 4             |         835 |       15979 |        3206 |       16061 |
| 5             |         527 |       10559 |        2010 |       10735 |
| 6             |         573 |       10991 |        2206 |       11299 |
| 7             |        3130 |       53909 |       12095 |       54613 |
| 8             |        2101 |       38217 |        8163 |       38606 |
| 9             |        3123 |       54841 |       12089 |       54891 |
| 10            |         687 |       12739 |        2654 |       12757 |
| 11            |         329 |        7051 |        1287 |        7059 |
| 12            |         794 |       14127 |        3044 |       14147 |
| 13            |         547 |        9845 |        2092 |        9881 |
| 14            |         819 |       14638 |        3137 |       14711 |
| 15            |        2697 |       46024 |       10297 |       46130 |
| 16            |        1072 |       18593 |        4012 |       18670 |
| 17            |         985 |       19548 |        3708 |       19631 |
| 18            |        1992 |       35227 |        7554 |       35239 |
| 19            |         435 |        9338 |        1640 |        9341 |
| 20            |        2342 |       41296 |        8767 |       41305 |
| 21            |        1151 |       20294 |        4346 |       20079 |
| 22            |        3913 |       67940 |       14745 |       66097 |
| 23            |        1278 |       24768 |        4841 |       24571 |
| 24            |         671 |       12826 |        2538 |       12817 |
+---------------+-------------+-------------+-------------+-------------+

Optimized score - 21128 (optimized ratio x4.5)

Single core        - 5188  
Multi core         - 93136  (MP ratio x18.0)
Quad core          - 19519  (MP ratio x3.8)
Workstation        - 93132  (MP ratio x18.0)

+---------------+-------------+-------------+-------------+-------------+
| Optimized     | Single core |  Multi core |   Quad core | Workstation |
+---------------+-------------+-------------+-------------+-------------+
| Maximum       |       19554 |      330320 |       71483 |      329837 |
| Average       |        6737 |      118525 |       25394 |      118471 |
| Geometric     |        5188 |       93136 |       19519 |       93132 |
| Harmonic      |        3901 |       72324 |       14621 |       72331 |
| Minimum       |         883 |       19110 |        3294 |       19122 |
+---------------+-------------+-------------+-------------+-------------+
| 1             |       10127 |      181476 |       38949 |      181525 |
| 2             |        7030 |      120874 |       26813 |      120841 |
| 3             |        3563 |       63061 |       13290 |       63018 |
| 4             |        4365 |       77227 |       16299 |       77165 |
| 5             |        2042 |       36605 |        7617 |       36616 |
| 6             |        2154 |       39599 |        8033 |       39495 |
| 7             |       19554 |      330320 |       71483 |      329837 |
| 8             |       15187 |      270508 |       58007 |      269125 |
| 9             |       17134 |      284940 |       64866 |      285419 |
| 10            |        7049 |      121003 |       26630 |      121000 |
| 11            |        2461 |       42335 |        9160 |       42325 |
| 12            |        7637 |      122266 |       29433 |      121864 |
| 13            |        2550 |       43619 |        9526 |       43645 |
| 14            |        3644 |       64658 |       13914 |       64842 |
| 15            |       10638 |      190631 |       39708 |      190011 |
| 16            |        5561 |       97569 |       20737 |       97619 |
| 17            |        3485 |       68211 |       13025 |       68213 |
| 18            |       12207 |      214398 |       46566 |      214253 |
| 19            |         883 |       19110 |        3294 |       19122 |
| 20            |        4736 |       92806 |       17657 |       92887 |
| 21            |        6228 |      112492 |       23512 |      112761 |
| 22            |        6540 |      116802 |       25106 |      117288 |
| 23            |        4422 |       86618 |       16501 |       87052 |
| 24            |        2502 |       47462 |        9337 |       47376 |
+---------------+-------------+-------------+-------------+-------------+
