Evolution Benchmark report

Version            - 3.3.0
Date               - 08:32 02/05/2026
Compiler           - gcc (Debian/Linaro 4.9.2-10+deb8u1) 4.9.2
Logical cores      - 72
CPU name           - NVIDIA Grace
Important          - 0
CLOCKRATE_MAX      - 3350
TDP_MAX            - 200
Comment            - 1 x NVIDIA Grace Neoverse V2 / 72 cores / 72 threads @ 3.1 GHz

OVERALL RESULT     - 3991

Single core        - 604   
Multi core         - 43607  (MP ratio x72.2)
Quad core          - 2414   (MP ratio x4.0)
Workstation        - 44150  (MP ratio x73.1)

+---------------+-------------+-------------+-------------+-------------+
| Non optimized | Single core |  Multi core |   Quad core | Workstation |
+---------------+-------------+-------------+-------------+-------------+
| Maximum       |        2120 |      154226 |        8463 |      155195 |
| Average       |         693 |       50067 |        2769 |       50671 |
| Geometric     |         604 |       43607 |        2414 |       44150 |
| Harmonic      |         536 |       38703 |        2144 |       39184 |
| Minimum       |         275 |       19801 |        1098 |       20103 |
+---------------+-------------+-------------+-------------+-------------+
| 1             |        1126 |       81438 |        4503 |       82452 |
| 2             |         859 |       62206 |        3429 |       62909 |
| 3             |         517 |       37262 |        2065 |       37746 |
| 4             |         631 |       45686 |        2525 |       46101 |
| 5             |         343 |       24649 |        1368 |       24903 |
| 6             |         439 |       31533 |        1750 |       31938 |
| 7             |        1252 |       90197 |        5000 |       91502 |
| 8             |         821 |       59066 |        3272 |       59918 |
| 9             |         988 |       71351 |        3945 |       72286 |
| 10            |         368 |       26486 |        1469 |       26887 |
| 11            |         297 |       21371 |        1186 |       21657 |
| 12            |         445 |       32834 |        1817 |       33286 |
| 13            |         275 |       19801 |        1098 |       20103 |
| 14            |         404 |       29112 |        1613 |       29548 |
| 15            |         878 |       63219 |        3506 |       64225 |
| 16            |         642 |       47018 |        2601 |       47642 |
| 17            |         607 |       43835 |        2431 |       44515 |
| 18            |         590 |       42517 |        2356 |       43156 |
| 19            |         288 |       20702 |        1149 |       20812 |
| 20            |        1121 |       80532 |        4469 |       81526 |
| 21            |         511 |       36903 |        2036 |       37241 |
| 22            |        2120 |      154226 |        8463 |      155195 |
| 23            |         624 |       45157 |        2492 |       45662 |
| 24            |         479 |       34505 |        1904 |       34893 |
+---------------+-------------+-------------+-------------+-------------+

Optimized score - 28353 (optimized ratio x7.1)

Single core        - 4265  
Multi core         - 311082 (MP ratio x72.9)
Quad core          - 17179  (MP ratio x4.0)
Workstation        - 311802 (MP ratio x73.1)

+---------------+-------------+-------------+-------------+-------------+
| Optimized     | Single core |  Multi core |   Quad core | Workstation |
+---------------+-------------+-------------+-------------+-------------+
| Maximum       |       18892 |     1357001 |       75927 |     1352887 |
| Average       |        5692 |      415267 |       22988 |      415821 |
| Geometric     |        4265 |      311082 |       17179 |      311802 |
| Harmonic      |        3359 |      245188 |       13522 |      246000 |
| Minimum       |        1323 |       95831 |        5313 |       96514 |
+---------------+-------------+-------------+-------------+-------------+
| 1             |       18892 |     1357001 |       75927 |     1352887 |
| 2             |        4864 |      354187 |       19716 |      353688 |
| 3             |        4432 |      313324 |       17415 |      316033 |
| 4             |        4445 |      317071 |       17715 |      316936 |
| 5             |        1730 |      126080 |        6949 |      126849 |
| 6             |        2498 |      181981 |       10051 |      183278 |
| 7             |       16127 |     1176009 |       64785 |     1177271 |
| 8             |       12706 |      920007 |       51038 |      917746 |
| 9             |       11940 |      916013 |       51277 |      924945 |
| 10            |        3686 |      269813 |       14788 |      269258 |
| 11            |        2031 |      147031 |        8101 |      147316 |
| 12            |        4773 |      345750 |       19164 |      347086 |
| 13            |        2086 |      152422 |        8379 |      152606 |
| 14            |        2715 |      198684 |       10911 |      198811 |
| 15            |        6172 |      451191 |       24786 |      451720 |
| 16            |        5332 |      384027 |       21214 |      384503 |
| 17            |        2995 |      219209 |       12029 |      219707 |
| 18            |       11454 |      837840 |       46003 |      837080 |
| 19            |        1602 |      117062 |        6435 |      117730 |
| 20            |        1323 |       95831 |        5313 |       96514 |
| 21            |        5353 |      389736 |       21482 |      390392 |
| 22            |        3873 |      283096 |       15557 |      283096 |
| 23            |        3755 |      274933 |       15083 |      275570 |
| 24            |        1818 |      138112 |        7589 |      138679 |
+---------------+-------------+-------------+-------------+-------------+
