Evolution Benchmark report

Version            - 3.3.0
Date               - 0:18 17/12/2023
Compiler           - cc (Debian 12.2.0-14) 12.2.0
Logical cores      - 16
KEYWORD_CPU_ARCH_ID- AMD_ZEN4
Important          - 0
CLOCKRATE_MAX      - 5300
CLOCKRATE_BASE     - 3800
TDP_MAX            - 88
CPU name           - AMD Ryzen 7 7700 8-Core Processor            
Comment            - 

OVERALL RESULT     - 4345

Single core        - 1319
Multi core         - 12008 (MP ratio x9.1)
Quad core          - 5180 (MP ratio x3.9)
Workstation        - 11971 (MP ratio x9.1)

+---------------+-------------+-------------+-------------+-------------+
| Non optimized | Single core |  Multi core |  Quad core  | Workstation |
+---------------+-------------+-------------+-------------+-------------+
| Maximum       |        4426 |       30566 |       16751 |       30326 |
| Average       |        1585 |       13528 |        6197 |       13478 |
| Geometric     |        1319 |       12008 |        5180 |       11971 |
| Harmonic      |        1122 |       10783 |        4422 |       10752 |
| Minimum       |         468 |        5830 |        1854 |        5784 |
+---------------+-------------+-------------+-------------+-------------+
| 1             |        2993 |       22416 |       11887 |       22301 |
| 2             |        2054 |       15363 |        8045 |       15360 |
| 3             |         943 |       11728 |        3741 |       11667 |
| 4             |        1086 |       11314 |        4296 |       11286 |
| 5             |         779 |        9842 |        3095 |        9837 |
| 6             |         808 |        9391 |        3203 |        9259 |
| 7             |        4426 |       30566 |       16751 |       30326 |
| 8             |        2343 |       15911 |        9212 |       15917 |
| 9             |        3112 |       21474 |       12272 |       21422 |
| 10            |         729 |        6289 |        2881 |        6283 |
| 11            |         468 |        6073 |        1854 |        6053 |
| 12            |         872 |        6797 |        3455 |        6798 |
| 13            |         619 |        5830 |        2460 |        5784 |
| 14            |         914 |        8112 |        3523 |        8019 |
| 15            |        1948 |       15686 |        7697 |       15690 |
| 16            |        1302 |        9936 |        5100 |        9879 |
| 17            |        1110 |       16803 |        4414 |       16686 |
| 18            |        1638 |       11333 |        6438 |       11305 |
| 19            |         617 |        8010 |        2446 |        7977 |
| 20            |        1786 |       24175 |        7013 |       23839 |
| 21            |        1168 |        8099 |        4454 |        8096 |
| 22            |        3696 |       27763 |       14117 |       27691 |
| 23            |        1663 |       12630 |        6516 |       12735 |
| 24            |         975 |        9135 |        3852 |        9271 |
+---------------+-------------+-------------+-------------+-------------+

Optimized score - 19374 (optimized ratio x4.5)

Single core        - 6024
Multi core         - 51080 (MP ratio x8.5)
Quad core          - 23635 (MP ratio x3.9)
Workstation        - 51582 (MP ratio x8.6)

+---------------+-------------+-------------+-------------+-------------+
| Optimized     | Single core |  Multi core |  Quad core  | Workstation |
+---------------+-------------+-------------+-------------+-------------+
| Maximum       |       27293 |      181832 |      107850 |      182689 |
| Average       |        8228 |       61361 |       32186 |       62241 |
| Geometric     |        6024 |       51080 |       23635 |       51582 |
| Harmonic      |        4631 |       43668 |       18224 |       43892 |
| Minimum       |        1853 |       18984 |        7283 |       18805 |
+---------------+-------------+-------------+-------------+-------------+
| 1             |       25582 |      168591 |       99112 |      167061 |
| 2             |        6610 |       48736 |       25876 |       48695 |
| 3             |        6459 |       63171 |       25479 |       63277 |
| 4             |        6694 |       53536 |       26149 |       53525 |
| 5             |        2823 |       31213 |       11155 |       31042 |
| 6             |        3173 |       37082 |       12549 |       36867 |
| 7             |       27293 |      181832 |      107850 |      182689 |
| 8             |       14194 |       85570 |       55269 |       87429 |
| 9             |       13966 |       86473 |       55059 |       86762 |
| 10            |        7222 |       41453 |       28312 |       42083 |
| 11            |        3051 |       30741 |       12044 |       30650 |
| 12            |        8615 |       60944 |       32891 |       63685 |
| 13            |        2612 |       18984 |       10236 |       18805 |
| 14            |        3019 |       28721 |       11903 |       28741 |
| 15            |        6760 |       57183 |       26809 |       59230 |
| 16            |        6142 |       43093 |       24058 |       42083 |
| 17            |        4738 |       58774 |       18761 |       58118 |
| 18            |       16525 |      101373 |       63880 |      107781 |
| 19            |        1853 |       26397 |        7283 |       26229 |
| 20            |        2131 |       30385 |        8416 |       30391 |
| 21            |       16674 |      103512 |       64788 |      112537 |
| 22            |        4868 |       40618 |       18966 |       41504 |
| 23            |        4271 |       53939 |       16836 |       53863 |
| 24            |        2209 |       20346 |        8781 |       20726 |
+---------------+-------------+-------------+-------------+-------------+
