Evolution Benchmark report

Version            - 3.3.0
Date               - 02:35 09/01/2024
Compiler           - cc (Debian 12.2.0-14) 12.2.0
Logical cores      - 16
KEYWORD_CPU_ARCH_ID- INTEL_CORE_9GEN
Important          - 1
CLOCKRATE_MAX      - 5000
TDP_MAX            - 140
CPU name           - Intel(R) Core(TM) i9-9900K CPU @ 3.60GHz
Comment            - Debian 12

OVERALL RESULT     - 3350

Single core        - 1037
Multi core         - 9079 (MP ratio x8.8)
Quad core          - 3993 (MP ratio x3.8)
Workstation        - 9150 (MP ratio x8.8)

+---------------+-------------+-------------+-------------+-------------+
| Non optimized | Single core |  Multi core |  Quad core  | Workstation |
+---------------+-------------+-------------+-------------+-------------+
| Maximum       |        2363 |       20278 |        9065 |       20285 |
| Average       |        1162 |       10076 |        4471 |       10141 |
| Geometric     |        1037 |        9079 |        3993 |        9150 |
| Harmonic      |         932 |        8240 |        3587 |        8312 |
| Minimum       |         489 |        4497 |        1862 |        4509 |
+---------------+-------------+-------------+-------------+-------------+
| 1             |        1998 |       14770 |        7731 |       14807 |
| 2             |        1418 |       11293 |        5448 |       11385 |
| 3             |        1078 |        9490 |        4168 |        9533 |
| 4             |        1006 |        8882 |        4025 |        9001 |
| 5             |         770 |        8444 |        2968 |        8435 |
| 6             |         855 |        6759 |        3280 |        6849 |
| 7             |        2363 |       18537 |        9065 |       18455 |
| 8             |        1488 |       11716 |        5759 |       11834 |
| 9             |        2073 |       15853 |        7963 |       15876 |
| 10            |         618 |        5098 |        2374 |        5124 |
| 11            |         537 |        5175 |        2073 |        5267 |
| 12            |         617 |        5256 |        2406 |        5293 |
| 13            |         489 |        4497 |        1862 |        4509 |
| 14            |         668 |        5656 |        2511 |        5696 |
| 15            |        1376 |       11253 |        5279 |       11302 |
| 16            |         871 |        7547 |        3334 |        7606 |
| 17            |        1442 |       14548 |        5565 |       14778 |
| 18            |        1039 |        8236 |        3999 |        8280 |
| 19            |         661 |        7813 |        2542 |        7907 |
| 20            |        1940 |       19642 |        7429 |       19733 |
| 21            |         702 |        5500 |        2694 |        5569 |
| 22            |        2091 |       20278 |        7993 |       20285 |
| 23            |        1153 |        9484 |        4429 |        9612 |
| 24            |         626 |        6109 |        2411 |        6254 |
+---------------+-------------+-------------+-------------+-------------+

Optimized score - 13364 (optimized ratio x4.0)

Single core        - 4001
Multi core         - 38758 (MP ratio x9.7)
Quad core          - 15391 (MP ratio x3.8)
Workstation        - 38707 (MP ratio x9.7)

+---------------+-------------+-------------+-------------+-------------+
| Optimized     | Single core |  Multi core |  Quad core  | Workstation |
+---------------+-------------+-------------+-------------+-------------+
| Maximum       |       17119 |      134694 |       65840 |      134481 |
| Average       |        5421 |       46963 |       20862 |       46916 |
| Geometric     |        4001 |       38758 |       15391 |       38707 |
| Harmonic      |        3108 |       33098 |       11948 |       33075 |
| Minimum       |        1234 |       17035 |        4718 |       17008 |
+---------------+-------------+-------------+-------------+-------------+
| 1             |       16615 |      122472 |       63928 |      123053 |
| 2             |        4986 |       38581 |       19189 |       37927 |
| 3             |        3764 |       41760 |       14426 |       41812 |
| 4             |        3895 |       37653 |       14991 |       37340 |
| 5             |        1649 |       20278 |        6349 |       20075 |
| 6             |        2228 |       27145 |        8569 |       27165 |
| 7             |       17119 |      134694 |       65840 |      134481 |
| 8             |        9059 |       67091 |       34852 |       66828 |
| 9             |        8763 |       70638 |       33731 |       70336 |
| 10            |        4457 |       33722 |       17111 |       33567 |
| 11            |        1821 |       21540 |        7018 |       21494 |
| 12            |        4728 |       45395 |       18204 |       44908 |
| 13            |        1917 |       17035 |        7345 |       17008 |
| 14            |        2415 |       19672 |        9277 |       19584 |
| 15            |        7718 |       63085 |       29737 |       62418 |
| 16            |        3404 |       26939 |       13089 |       26584 |
| 17            |        2795 |       39723 |       10749 |       39379 |
| 18            |       10107 |       81818 |       38922 |       81508 |
| 19            |        1234 |       18783 |        4718 |       18745 |
| 20            |        1550 |       22914 |        5963 |       22798 |
| 21            |       12156 |       90423 |       46837 |       91732 |
| 22            |        3282 |       30433 |       12753 |       30028 |
| 23            |        2769 |       35753 |       10651 |       36739 |
| 24            |        1676 |       19569 |        6435 |       20485 |
+---------------+-------------+-------------+-------------+-------------+
