Evolution Benchmark report

Version            - 3.3.0
Date               - 15:17 16/12/2023
Compiler           - cc (Debian 12.2.0-14) 12.2.0
Logical cores      - 32
KEYWORD_CPU_ARCH_ID- AMD_ZEN2
Important          - 1
CLOCKRATE_MAX      - 4700
CLOCKRATE_BASE     - 3500
TDP_MAX            - 142
CPU name           - AMD Ryzen 9 3950X 16-Core Processor            
Comment            - 

OVERALL RESULT     - 3840

Single core        - 928
Multi core         - 16722 (MP ratio x18.0)
Quad core          - 3648 (MP ratio x3.9)
Workstation        - 16073 (MP ratio x17.3)

+---------------+-------------+-------------+-------------+-------------+
| Non optimized | Single core |  Multi core |  Quad core  | Workstation |
+---------------+-------------+-------------+-------------+-------------+
| Maximum       |        2704 |       40812 |       10551 |       40405 |
| Average       |        1080 |       18865 |        4230 |       18181 |
| Geometric     |         928 |       16722 |        3648 |       16073 |
| Harmonic      |         812 |       15023 |        3207 |       14418 |
| Minimum       |         388 |        8311 |        1607 |        7935 |
+---------------+-------------+-------------+-------------+-------------+
| 1             |        1906 |       28393 |        7429 |       27666 |
| 2             |        1406 |       20110 |        5484 |       19119 |
| 3             |         818 |       17489 |        3195 |       16741 |
| 4             |         864 |       16533 |        3382 |       16062 |
| 5             |         631 |       14804 |        2546 |       14227 |
| 6             |         723 |       12071 |        2831 |       11474 |
| 7             |        2704 |       40812 |       10551 |       40405 |
| 8             |        1518 |       21324 |        6025 |       20517 |
| 9             |        2216 |       30065 |        8636 |       29316 |
| 10            |         502 |        9105 |        1962 |        8677 |
| 11            |         388 |        9372 |        1607 |        8999 |
| 12            |         596 |        9445 |        2336 |        9049 |
| 13            |         421 |        8311 |        1722 |        7935 |
| 14            |         579 |        9615 |        2274 |        9304 |
| 15            |        1202 |       19074 |        4680 |       18358 |
| 16            |         825 |       13748 |        3244 |       13269 |
| 17            |         900 |       26548 |        3488 |       25525 |
| 18            |         960 |       14060 |        3750 |       13616 |
| 19            |         516 |       13937 |        2023 |       13484 |
| 20            |        1568 |       39826 |        6120 |       38686 |
| 21            |         710 |        9950 |        2772 |        9468 |
| 22            |        2268 |       37535 |        8821 |       35898 |
| 23            |        1079 |       18151 |        4199 |       16248 |
| 24            |         626 |       12484 |        2435 |       12310 |
+---------------+-------------+-------------+-------------+-------------+

Optimized score - 14982 (optimized ratio x3.9)

Single core        - 3589
Multi core         - 66415 (MP ratio x18.5)
Quad core          - 14105 (MP ratio x3.9)
Workstation        - 64726 (MP ratio x18.0)

+---------------+-------------+-------------+-------------+-------------+
| Optimized     | Single core |  Multi core |  Quad core  | Workstation |
+---------------+-------------+-------------+-------------+-------------+
| Maximum       |       17983 |      256894 |       70578 |      250712 |
| Average       |        5214 |       83787 |       20513 |       81900 |
| Geometric     |        3589 |       66415 |       14105 |       64726 |
| Harmonic      |        2546 |       53402 |        9990 |       51861 |
| Minimum       |         736 |       19096 |        2892 |       18582 |
+---------------+-------------+-------------+-------------+-------------+
| 1             |       17357 |      232599 |       68723 |      232374 |
| 2             |        4933 |       75378 |       19519 |       71673 |
| 3             |        4542 |       91299 |       17803 |       89270 |
| 4             |        4458 |       79254 |       17512 |       77736 |
| 5             |        1159 |       30418 |        4548 |       29819 |
| 6             |        2248 |       50729 |        8903 |       50092 |
| 7             |       17983 |      256894 |       70578 |      250712 |
| 8             |        8253 |      115415 |       32651 |      112412 |
| 9             |        9360 |      131216 |       37001 |      128582 |
| 10            |        2147 |       38549 |        8490 |       36787 |
| 11            |        1874 |       42212 |        7375 |       41770 |
| 12            |        5195 |       83767 |       19893 |       79219 |
| 13            |         736 |       19096 |        2892 |       18582 |
| 14            |        1910 |       36086 |        7572 |       35338 |
| 15            |        5093 |       81137 |       20090 |       78817 |
| 16            |        3638 |       56582 |       14476 |       55846 |
| 17            |        2414 |       61715 |        9477 |       60839 |
| 18            |       10425 |      146002 |       40544 |      142165 |
| 19            |        1051 |       30134 |        4100 |       29173 |
| 20            |        1607 |       45169 |        6302 |       44845 |
| 21            |       11090 |      155727 |       43888 |      152673 |
| 22            |        3213 |       52108 |       12687 |       51162 |
| 23            |        3163 |       78170 |       12386 |       75924 |
| 24            |        1279 |       21236 |        4907 |       19793 |
+---------------+-------------+-------------+-------------+-------------+
