Evolution Benchmark report

Version            - 3.3.1
Date               - 22:17 18/10/2025
Compiler           - gcc (Debian 4.9.2-10+deb8u2) 4.9.2
Logical cores      - 20
Important          - 0
CLOCKRATE_MAX      - 5300
CLOCKRATE_BASE     - 2400
TDP_MAX            - 182
TDP_BASE           - 65
CPU name           - Intel(R) Core(TM) Ultra 7 265
Comment            - 20-core (8P+12E) desktop processor.

OVERALL RESULT     - 5659

Single core        - 1452  
Multi core         - 22016  (MP ratio x15.2)
Quad core          - 5669   (MP ratio x3.9)
Workstation        - 21368  (MP ratio x14.7)

+---------------+-------------+-------------+-------------+-------------+
| Non optimized | Single core |  Multi core |   Quad core | Workstation |
+---------------+-------------+-------------+-------------+-------------+
| Maximum       |        4700 |       72292 |       18440 |       71690 |
| Average       |        1801 |       26933 |        7056 |       26385 |
| Geometric     |        1452 |       22016 |        5669 |       21368 |
| Harmonic      |        1190 |       18299 |        4618 |       17586 |
| Minimum       |         478 |        7476 |        1886 |        7031 |
+---------------+-------------+-------------+-------------+-------------+
| 1             |        3319 |       50152 |       13078 |       49930 |
| 2             |        2306 |       34620 |        8928 |       34505 |
| 3             |         955 |       14769 |        3748 |       13844 |
| 4             |        1127 |       17533 |        4438 |       16177 |
| 5             |         768 |       12247 |        3022 |       11373 |
| 6             |         788 |       12120 |        3096 |       11194 |
| 7             |        4700 |       72292 |       18440 |       71690 |
| 8             |        2757 |       40353 |       11073 |       40868 |
| 9             |        4074 |       53438 |       15947 |       53279 |
| 10            |         760 |       11205 |        2969 |       10865 |
| 11            |         478 |        7476 |        1886 |        7031 |
| 12            |        1041 |       15555 |        4130 |       15747 |
| 13            |         670 |       10580 |        2263 |       10399 |
| 14            |         974 |       15302 |        3759 |       15087 |
| 15            |        2481 |       34653 |        9742 |       34449 |
| 16            |        1566 |       24103 |        6227 |       23591 |
| 17            |        1580 |       23944 |        6230 |       23039 |
| 18            |        1880 |       26645 |        7371 |       25967 |
| 19            |         539 |        8787 |        2114 |        8147 |
| 20            |        2827 |       43960 |       11098 |       41420 |
| 21            |        1117 |       16280 |        4404 |       16175 |
| 22            |        3988 |       60743 |       15452 |       59785 |
| 23            |        1549 |       23813 |        6057 |       23433 |
| 24            |         983 |       15817 |        3870 |       15254 |
+---------------+-------------+-------------+-------------+-------------+

Optimized score - 26910 (optimized ratio x4.8)

Single core        - 7161  
Multi core         - 98146  (MP ratio x13.7)
Quad core          - 27725  (MP ratio x3.9)
Workstation        - 97753  (MP ratio x13.7)

+---------------+-------------+-------------+-------------+-------------+
| Optimized     | Single core |  Multi core |   Quad core | Workstation |
+---------------+-------------+-------------+-------------+-------------+
| Maximum       |       33679 |      419182 |      129602 |      426023 |
| Average       |        9531 |      124906 |       36799 |      125473 |
| Geometric     |        7161 |       98146 |       27725 |       97753 |
| Harmonic      |        5629 |       80190 |       21829 |       79248 |
| Minimum       |        1960 |       32965 |        7545 |       31856 |
+---------------+-------------+-------------+-------------+-------------+
| 1             |       30216 |      345930 |      116229 |      353500 |
| 2             |        8866 |      106361 |       34013 |      111062 |
| 3             |        6945 |      105223 |       26741 |      103644 |
| 4             |        7810 |      101645 |       30055 |      103133 |
| 5             |        3327 |       49082 |       12806 |       46697 |
| 6             |        4328 |       60033 |       16641 |       58740 |
| 7             |       33679 |      419182 |      129602 |      426023 |
| 8             |       15434 |      228067 |       59355 |      228797 |
| 9             |       18547 |      243230 |       71583 |      246254 |
| 10            |        8359 |      100192 |       32144 |      100124 |
| 11            |        3955 |       53160 |       15233 |       51979 |
| 12            |        7295 |      107579 |       29957 |      107983 |
| 13            |        3210 |       46475 |       13555 |       46881 |
| 14            |        4362 |       63524 |       16819 |       63358 |
| 15            |        8577 |      126071 |       33020 |      124523 |
| 16            |        8275 |       97394 |       31795 |       97606 |
| 17            |        6515 |       91183 |       25069 |       89736 |
| 18            |       19966 |      234089 |       76739 |      235381 |
| 19            |        1960 |       32965 |        7545 |       31856 |
| 20            |        2378 |       36179 |        9155 |       35398 |
| 21            |        8767 |      126409 |       33883 |      128103 |
| 22            |        7205 |       94974 |       27703 |       94783 |
| 23            |        5544 |       84838 |       21294 |       82391 |
| 24            |        3224 |       43952 |       12244 |       43391 |
+---------------+-------------+-------------+-------------+-------------+
