Evolution Benchmark report

Version            - 3.3.0
Date               - 21:56 15/05/2026
Compiler           - gcc (Debian/Linaro 4.9.2-10+deb8u1) 4.9.2
Logical cores      - 8
CPU name           - No CPUID information
Comment            - Apple M1 / 8-core / Mac Mini

OVERALL RESULT     - 1528

Single core        - 567
Multi core         - 2976   (MP ratio x5.3)
Quad core          - 2116   (MP ratio x3.7)
Workstation        - 2978   (MP ratio x5.3)

+---------------+-------------+-------------+-------------+-------------+
| Non optimized | Single core |  Multi core |   Quad core | Workstation |
+---------------+-------------+-------------+-------------+-------------+
| Maximum       |        2517 |       12476 |        9391 |       12320 |
| Average       |         690 |        3478 |        2574 |        3473 |
| Geometric     |         567 |        2976 |        2116 |        2978 |
| Harmonic      |         469 |        2599 |        1752 |        2601 |
| Minimum       |         185 |        1218 |         698 |        1205 |
+---------------+-------------+-------------+-------------+-------------+
| 1             |        1146 |        5346 |        4271 |        5344 |
| 2             |        1074 |        5086 |        4005 |        5003 |
| 3             |         368 |        2286 |        1376 |        2295 |
| 4             |         607 |        3196 |        2254 |        3188 |
| 5             |         203 |        1336 |         757 |        1335 |
| 6             |         314 |        1861 |        1170 |        1858 |
| 7             |         848 |        4196 |        3165 |        4223 |
| 8             |         952 |        4539 |        3535 |        4453 |
| 9             |        1017 |        5054 |        3777 |        4998 |
| 10            |         448 |        2165 |        1674 |        2158 |
| 11            |         185 |        1218 |         698 |        1205 |
| 12            |         653 |        3081 |        2444 |        3166 |
| 13            |         339 |        1677 |        1269 |        1695 |
| 14            |         325 |        1683 |        1208 |        1667 |
| 15            |        1176 |        5474 |        4390 |        5474 |
| 16            |         550 |        2647 |        2078 |        2652 |
| 17            |         504 |        3005 |        1884 |        2991 |
| 18            |         705 |        3209 |        2630 |        3277 |
| 19            |         195 |        1287 |         727 |        1294 |
| 20            |         669 |        3653 |        2504 |        3697 |
| 21            |         684 |        3149 |        2558 |        3194 |
| 22            |        2517 |       12476 |        9391 |       12320 |
| 23            |         414 |        2421 |        1542 |        2395 |
| 24            |         659 |        3414 |        2457 |        3478 |
+---------------+-------------+-------------+-------------+-------------+

Optimized score - 10893 (optimized ratio x7.1)

Single core        - 3991
Multi core         - 21468  (MP ratio x5.4)
Quad core          - 15086  (MP ratio x3.8)
Workstation        - 21482  (MP ratio x5.4)

+---------------+-------------+-------------+-------------+-------------+
| Optimized     | Single core |  Multi core |   Quad core | Workstation |
+---------------+-------------+-------------+-------------+-------------+
| Maximum       |       26636 |      125209 |      101276 |      124141 |
| Average       |        6336 |       31649 |       24026 |       31640 |
| Geometric     |        3991 |       21468 |       15086 |       21482 |
| Harmonic      |        2676 |       15902 |       10087 |       15923 |
| Minimum       |         673 |        7374 |        2510 |        7398 |
+---------------+-------------+-------------+-------------+-------------+
| 1             |       18742 |       92880 |       71086 |       92922 |
| 2             |         673 |        7833 |        2510 |        7834 |
| 3             |        3051 |       15432 |       11492 |       15640 |
| 4             |        3100 |       16125 |       11627 |       16145 |
| 5             |        1617 |        8421 |        6052 |        8419 |
| 6             |        1342 |        7374 |        5012 |        7398 |
| 7             |       26636 |      125209 |      101276 |      124141 |
| 8             |       13834 |       68277 |       52585 |       68787 |
| 9             |       14813 |       68531 |       56228 |       68252 |
| 10            |        4327 |       21739 |       16484 |       21521 |
| 11            |        1661 |        9031 |        6279 |        9009 |
| 12            |        4926 |       24858 |       18727 |       24677 |
| 13            |        1780 |        8650 |        6707 |        8684 |
| 14            |        4180 |       19992 |       15832 |       20281 |
| 15            |        7462 |       39022 |       28285 |       38705 |
| 16            |        4545 |       22491 |       17278 |       22449 |
| 17            |        3647 |       20270 |       13631 |       20673 |
| 18            |       16443 |       78921 |       62506 |       79719 |
| 19            |        1343 |        8249 |        5003 |        8266 |
| 20            |        1543 |        9183 |        5756 |        9232 |
| 21            |        5833 |       30308 |       22099 |       30333 |
| 22            |        5412 |       26007 |       20556 |       25852 |
| 23            |        3724 |       21686 |       13890 |       21348 |
| 24            |        1443 |        9086 |        5728 |        9069 |
+---------------+-------------+-------------+-------------+-------------+
