Evolution Benchmark report

Version            - 3.3.0
Date               - 21:56 15/05/2026
Compiler           - gcc (Debian/Linaro 4.9.2-10+deb8u1) 4.9.2
Logical cores      - 16
CPU name           - No CPUID information
Comment            - Apple M4 MAX / 16-core / Mac Studio

OVERALL RESULT     - 3493

Single core        - 1010
Multi core         - 11732  (MP ratio x11.6)
Quad core          - 3599   (MP ratio x3.6)
Workstation        - 11699  (MP ratio x11.6)

+---------------+-------------+-------------+-------------+-------------+
| Non optimized | Single core |  Multi core |   Quad core | Workstation |
+---------------+-------------+-------------+-------------+-------------+
| Maximum       |        4709 |       56638 |       17299 |       56038 |
| Average       |        1224 |       14201 |        4390 |       14150 |
| Geometric     |        1010 |       11732 |        3599 |       11699 |
| Harmonic      |         853 |        9964 |        3023 |        9941 |
| Minimum       |         322 |        3908 |        1126 |        3893 |
+---------------+-------------+-------------+-------------+-------------+
| 1             |        1978 |       22138 |        6892 |       22503 |
| 2             |        1514 |       17398 |        5456 |       17372 |
| 3             |         775 |        9052 |        2694 |        9051 |
| 4             |         983 |       11248 |        3478 |       11230 |
| 5             |         411 |        4848 |        1441 |        4857 |
| 6             |         597 |        6999 |        2090 |        6984 |
| 7             |        2167 |       24101 |        7558 |       24090 |
| 8             |        1550 |       17989 |        5928 |       17913 |
| 9             |        1923 |       21731 |        6858 |       21693 |
| 10            |         790 |        8949 |        2870 |        8975 |
| 11            |         406 |        4731 |        1429 |        4735 |
| 12            |         931 |       10701 |        3338 |       10603 |
| 13            |         595 |        6634 |        2104 |        6646 |
| 14            |         804 |        8920 |        2867 |        8996 |
| 15            |        1970 |       22273 |        7011 |       22025 |
| 16            |        1111 |       12646 |        4000 |       12678 |
| 17            |         792 |        9459 |        2781 |        9449 |
| 18            |        1224 |       13708 |        4339 |       13699 |
| 19            |         322 |        3908 |        1126 |        3893 |
| 20            |        1247 |       15098 |        4451 |       14928 |
| 21            |         995 |       12148 |        3737 |       12009 |
| 22            |        4709 |       56638 |       17299 |       56038 |
| 23            |         656 |        8218 |        2284 |        8050 |
| 24            |         927 |       11293 |        3318 |       11181 |
+---------------+-------------+-------------+-------------+-------------+

Optimized score - 23221 (optimized ratio x6.6)

Single core        - 6331
Multi core         - 80674  (MP ratio x12.7)
Quad core          - 24516  (MP ratio x3.9)
Workstation        - 80347  (MP ratio x12.7)

+---------------+-------------+-------------+-------------+-------------+
| Optimized     | Single core |  Multi core |   Quad core | Workstation |
+---------------+-------------+-------------+-------------+-------------+
| Maximum       |       41171 |      525365 |      163379 |      517267 |
| Average       |        9081 |      117987 |       35981 |      117083 |
| Geometric     |        6331 |       80674 |       24516 |       80347 |
| Harmonic      |        4876 |       60324 |       18342 |       60196 |
| Minimum       |        1992 |       23530 |        7119 |       23558 |
+---------------+-------------+-------------+-------------+-------------+
| 1             |       26767 |      355071 |      108532 |      347298 |
| 2             |        7128 |       87941 |       27796 |       87729 |
| 3             |        4660 |       54730 |       17094 |       54434 |
| 4             |        5432 |       66751 |       20912 |       66254 |
| 5             |        2666 |       31669 |        9852 |       31656 |
| 6             |        1992 |       23530 |        7119 |       23558 |
| 7             |       41171 |      525365 |      163379 |      517267 |
| 8             |        7381 |      170175 |       44254 |      168800 |
| 9             |       19334 |      238849 |       74750 |      239851 |
| 10            |        6218 |       76462 |       23830 |       76426 |
| 11            |        2642 |       33095 |       10034 |       32956 |
| 12            |        5701 |       76639 |       23326 |       76245 |
| 13            |        3153 |       38522 |       12275 |       38007 |
| 14            |        5482 |       68642 |       21191 |       66984 |
| 15            |       14563 |      185853 |       57464 |      182562 |
| 16            |        6911 |       86635 |       26672 |       86342 |
| 17            |        4997 |       60660 |       18057 |       60324 |
| 18            |       22628 |      282529 |       87775 |      282306 |
| 19            |        2456 |       28673 |        8609 |       28705 |
| 20            |        2792 |       31707 |        9775 |       31994 |
| 21            |        7072 |       88828 |       27040 |       89985 |
| 22            |        7861 |       99874 |       30672 |      100299 |
| 23            |        6415 |       87698 |       23893 |       88162 |
| 24            |        2532 |       31785 |        9246 |       31837 |
+---------------+-------------+-------------+-------------+-------------+
