Evolution Benchmark report

Version            - 3.3.1
Date               - 08:25 02/05/2026
Compiler           - gcc (Debian 4.9.2-10+deb8u2) 4.9.2
Logical cores      - 224
CPU name           - Intel(R) Xeon(R) Platinum 8480+
Comment            - 

OVERALL RESULT     - 6193

Single core        - 799   
Multi core         - 93063  (MP ratio x116.5)
Quad core          - 3194   (MP ratio x4.0)
Workstation        - 98247  (MP ratio x123.0)

+---------------+-------------+-------------+-------------+-------------+
| Non optimized | Single core |  Multi core |   Quad core | Workstation |
+---------------+-------------+-------------+-------------+-------------+
| Maximum       |        2683 |      247907 |       10719 |      260923 |
| Average       |         968 |      107328 |        3872 |      113243 |
| Geometric     |         799 |       93063 |        3194 |       98247 |
| Harmonic      |         675 |       82052 |        2692 |       86559 |
| Minimum       |         309 |       40783 |        1237 |       43449 |
+---------------+-------------+-------------+-------------+-------------+
| 1             |        1827 |      172965 |        7446 |      181378 |
| 2             |        1299 |      125732 |        5214 |      134019 |
| 3             |         626 |       93275 |        2478 |       95985 |
| 4             |         692 |       86476 |        2818 |       94952 |
| 5             |         457 |       71113 |        1846 |       72765 |
| 6             |         522 |       71149 |        2066 |       74050 |
| 7             |        2683 |      247907 |       10719 |      255524 |
| 8             |        1340 |      119331 |        5323 |      124062 |
| 9             |        1786 |      165040 |        7085 |      169932 |
| 10            |         416 |       46853 |        1654 |       48395 |
| 11            |         309 |       48055 |        1237 |       48675 |
| 12            |         473 |       55707 |        1874 |       60052 |
| 13            |         387 |       40783 |        1517 |       43449 |
| 14            |         563 |       56153 |        2250 |       59751 |
| 15            |        1115 |      117185 |        4423 |      124304 |
| 16            |         828 |       84914 |        3425 |       92888 |
| 17            |         983 |      147270 |        3971 |      155870 |
| 18            |         861 |       77654 |        3418 |       87822 |
| 19            |         347 |       63043 |        1375 |       61433 |
| 20            |        1640 |      228134 |        6518 |      231259 |
| 21            |         545 |       53702 |        2247 |       59258 |
| 22            |        2169 |      234327 |        8662 |      260923 |
| 23            |         879 |       98741 |        3520 |      105441 |
| 24            |         474 |       70356 |        1840 |       75656 |
+---------------+-------------+-------------+-------------+-------------+

Optimized score - 25861 (optimized ratio x4.2)

Single core        - 3279  
Multi core         - 399265 (MP ratio x121.8)
Quad core          - 13212  (MP ratio x4.0)
Workstation        - 393747 (MP ratio x120.1)

+---------------+-------------+-------------+-------------+-------------+
| Optimized     | Single core |  Multi core |   Quad core | Workstation |
+---------------+-------------+-------------+-------------+-------------+
| Maximum       |       14715 |     1360347 |       58988 |     1351546 |
| Average       |        4338 |      486537 |       17375 |      480370 |
| Geometric     |        3279 |      399265 |       13212 |      393747 |
| Harmonic      |        2565 |      337175 |       10408 |      332188 |
| Minimum       |         983 |      168409 |        3945 |      161320 |
+---------------+-------------+-------------+-------------+-------------+
| 1             |       12315 |     1170164 |       49126 |     1145279 |
| 2             |        3821 |      389962 |       15162 |      372035 |
| 3             |        2869 |      302440 |       11704 |      302210 |
| 4             |        3490 |      389225 |       14087 |      385405 |
| 5             |        1574 |      206659 |        6325 |      207424 |
| 6             |        2309 |      302808 |        9312 |      299795 |
| 7             |       14715 |     1360347 |       58988 |     1351546 |
| 8             |        8417 |      883423 |       33666 |      878389 |
| 9             |        8115 |      893662 |       32668 |      888253 |
| 10            |        4270 |      428383 |       17111 |      417447 |
| 11            |        1461 |      168409 |        5970 |      161320 |
| 12            |        3069 |      316195 |       12893 |      305112 |
| 13            |        1401 |      206616 |        6272 |      202331 |
| 14            |        2241 |      245463 |        9143 |      240185 |
| 15            |        4847 |      723426 |       19337 |      722944 |
| 16            |        3553 |      370546 |       14234 |      367635 |
| 17            |        3045 |      492527 |       12271 |      486066 |
| 18            |        9065 |      980736 |       36226 |      961645 |
| 19            |         983 |      182258 |        3945 |      179921 |
| 20            |        1057 |      196124 |        4280 |      193209 |
| 21            |        4465 |      455132 |       16187 |      454161 |
| 22            |        3240 |      391367 |       12686 |      387914 |
| 23            |        2489 |      445434 |       10162 |      442274 |
| 24            |        1296 |      175588 |        5241 |      176367 |
+---------------+-------------+-------------+-------------+-------------+
