Evolution Benchmark report

Version            - 3.3.0
Date               - 02:28 13/01/2024
Compiler           - cc (Debian 12.2.0-14) 12.2.0
Logical cores      - 8
KEYWORD_CPU_ARCH_ID- INTEL_CORE_1GEN
Important          - 1
CLOCKRATE_MAX      - 3600
TDP_MAX            - 95
CPU name           - Intel(R) Core(TM) i7 CPU         870  @ 2.93GHz
Comment            - Debian 12

OVERALL RESULT     - 999

Single core        - 404
Multi core         - 1714 (MP ratio x4.2)
Quad core          - 1443 (MP ratio x3.6)
Workstation        - 1693 (MP ratio x4.2)

+---------------+-------------+-------------+-------------+-------------+
| Non optimized | Single core |  Multi core |  Quad core  | Workstation |
+---------------+-------------+-------------+-------------+-------------+
| Maximum       |        1037 |        3890 |        3746 |        3850 |
| Average       |         460 |        1920 |        1644 |        1897 |
| Geometric     |         404 |        1714 |        1443 |        1693 |
| Harmonic      |         353 |        1533 |        1262 |        1514 |
| Minimum       |         160 |         756 |         571 |         746 |
+---------------+-------------+-------------+-------------+-------------+
| 1             |         728 |        2769 |        2639 |        2737 |
| 2             |         538 |        1973 |        1911 |        1956 |
| 3             |         419 |        1821 |        1491 |        1817 |
| 4             |         458 |        1868 |        1655 |        1855 |
| 5             |         364 |        1483 |        1333 |        1474 |
| 6             |         288 |        1197 |        1027 |        1189 |
| 7             |        1037 |        3890 |        3746 |        3850 |
| 8             |         544 |        2272 |        1943 |        2226 |
| 9             |         821 |        3114 |        2933 |        3049 |
| 10            |         160 |         902 |         571 |         889 |
| 11            |         219 |         950 |         782 |         941 |
| 12            |         216 |         932 |         789 |         926 |
| 13            |         185 |         756 |         652 |         746 |
| 14            |         203 |         985 |         715 |         968 |
| 15            |         543 |        2406 |        1935 |        2382 |
| 16            |         363 |        1440 |        1297 |        1410 |
| 17            |         645 |        2787 |        2291 |        2702 |
| 18            |         457 |        1701 |        1632 |        1695 |
| 19            |         337 |        1550 |        1205 |        1503 |
| 20            |         832 |        3676 |        2961 |        3600 |
| 21            |         242 |        1021 |         861 |         997 |
| 22            |         672 |        3468 |        2383 |        3444 |
| 23            |         511 |        1942 |        1822 |        2014 |
| 24            |         248 |        1187 |         887 |        1155 |
+---------------+-------------+-------------+-------------+-------------+

Optimized score - 4988 (optimized ratio x5.0)

Single core        - 1973
Multi core         - 9011 (MP ratio x4.6)
Quad core          - 6982 (MP ratio x3.5)
Workstation        - 8979 (MP ratio x4.6)

+---------------+-------------+-------------+-------------+-------------+
| Optimized     | Single core |  Multi core |  Quad core  | Workstation |
+---------------+-------------+-------------+-------------+-------------+
| Maximum       |        9147 |       30561 |       31582 |       30677 |
| Average       |        2650 |       10755 |        9303 |       10755 |
| Geometric     |        1973 |        9011 |        6982 |        8979 |
| Harmonic      |        1561 |        7784 |        5546 |        7740 |
| Minimum       |         528 |        3326 |        1881 |        3300 |
+---------------+-------------+-------------+-------------+-------------+
| 1             |        8328 |       26678 |       28637 |       26850 |
| 2             |        2143 |        7730 |        7565 |        7642 |
| 3             |        2348 |       13391 |        8355 |       13347 |
| 4             |        2212 |        9197 |        7843 |        9281 |
| 5             |         882 |        5670 |        3146 |        5656 |
| 6             |        1592 |        6005 |        5634 |        6025 |
| 7             |        9147 |       30561 |       31582 |       30677 |
| 8             |        4980 |       16354 |       17191 |       16327 |
| 9             |        5381 |       17897 |       19082 |       17742 |
| 10            |        1579 |        6498 |        5621 |        6410 |
| 11            |        1247 |        6121 |        4410 |        6146 |
| 12            |        2242 |        9105 |        7900 |        9012 |
| 13            |         528 |        3326 |        1881 |        3300 |
| 14            |        1114 |        5251 |        3968 |        5200 |
| 15            |        1095 |        6473 |        3906 |        6154 |
| 16            |        1598 |        6569 |        5673 |        6534 |
| 17            |        2097 |       11556 |        7477 |       11568 |
| 18            |        3579 |       14328 |       12750 |       14095 |
| 19            |         906 |        6351 |        3229 |        6374 |
| 20            |         892 |        5866 |        3182 |        5832 |
| 21            |        5493 |       20752 |       19196 |       21522 |
| 22            |        1117 |        4938 |        3974 |        4935 |
| 23            |        1962 |       12527 |        6999 |       12551 |
| 24            |        1143 |        4987 |        4073 |        4948 |
+---------------+-------------+-------------+-------------+-------------+
