Evolution Benchmark report

Version            - 3.3.0
Date               - 14:59 10/01/2024
Compiler           - cc (Debian 4.9.2-10+deb8u1) 4.9.2
Logical cores      - 1
KEYWORD_CPU_ARCH_ID- INTEL_PENTIUM1_MMX
CLOCKRATE_MAX      - 166
TDP_MAX            - 13
CPU name           - Intel Pentium 166 MHz MMX
Comment            - Intel Pentium 166 MHz MMX / 32-bit Linux Debian 8

OVERALL RESULT     - 8.37

Single core        - 8.37
Multi core         - 8.37 (MP ratio x1.0)
Quad core          - 8.37 (MP ratio x1.0)
Workstation        - 8.37 (MP ratio x1.0)

+---------------+-------------+-------------+-------------+-------------+
| Non optimized | Single core |  Multi core |  Quad core  | Workstation |
+---------------+-------------+-------------+-------------+-------------+
| Maximum       |        19.4 |        19.4 |        19.4 |        19.5 |
| Average       |        9.12 |        9.12 |        9.12 |        9.13 |
| Geometric     |        8.37 |        8.37 |        8.37 |        8.37 |
| Harmonic      |        7.66 |        7.66 |        7.66 |        7.66 |
| Minimum       |        3.88 |        3.88 |        3.88 |        3.92 |
+---------------+-------------+-------------+-------------+-------------+
| 1             |        14.1 |        14.1 |        14.1 |        14.2 |
| 2             |        12.6 |        12.6 |        12.6 |        12.5 |
| 3             |        11.5 |        11.5 |        11.5 |        11.5 |
| 4             |        10.7 |        10.7 |        10.7 |        10.8 |
| 5             |        9.66 |        9.66 |        9.66 |        9.85 |
| 6             |        7.81 |        7.81 |        7.81 |        7.80 |
| 7             |        19.4 |        19.4 |        19.4 |        19.5 |
| 8             |        10.0 |        10.0 |        10.0 |        10.0 |
| 9             |        12.4 |        12.4 |        12.4 |        12.4 |
| 10            |        3.88 |        3.88 |        3.88 |        3.92 |
| 11            |        6.64 |        6.64 |        6.64 |        6.65 |
| 12            |        4.99 |        4.99 |        4.99 |        5.02 |
| 13            |        3.94 |        3.94 |        3.94 |        3.96 |
| 14            |        5.50 |        5.50 |        5.50 |        5.40 |
| 15            |        6.93 |        6.93 |        6.93 |        6.76 |
| 16            |        7.45 |        7.45 |        7.45 |        7.45 |
| 17            |        13.7 |        13.7 |        13.7 |        13.8 |
| 18            |        6.79 |        6.79 |        6.79 |        6.74 |
| 19            |        10.2 |        10.2 |        10.2 |        10.2 |
| 20            |        14.0 |        14.0 |        14.0 |        14.1 |
| 21            |        5.21 |        5.21 |        5.21 |        5.26 |
| 22            |        8.37 |        8.37 |        8.37 |        8.36 |
| 23            |        7.69 |        7.69 |        7.69 |        7.50 |
| 24            |        5.45 |        5.45 |        5.45 |        5.44 |
+---------------+-------------+-------------+-------------+-------------+

Optimized score - 22.2 (optimized ratio x2.7)

Single core        - 22.2
Multi core         - 22.2 (MP ratio x1.0)
Quad core          - 22.2 (MP ratio x1.0)
Workstation        - 22.1 (MP ratio x1.0)

+---------------+-------------+-------------+-------------+-------------+
| Optimized     | Single core |  Multi core |  Quad core  | Workstation |
+---------------+-------------+-------------+-------------+-------------+
| Maximum       |        54.1 |        54.1 |        54.1 |        53.9 |
| Average       |        25.5 |        25.5 |        25.5 |        25.4 |
| Geometric     |        22.2 |        22.2 |        22.2 |        22.1 |
| Harmonic      |        18.9 |        18.9 |        18.9 |        18.9 |
| Minimum       |        7.39 |        7.39 |        7.39 |        7.39 |
+---------------+-------------+-------------+-------------+-------------+
| 1             |        40.5 |        40.5 |        40.5 |        40.4 |
| 2             |        30.9 |        30.9 |        30.9 |        31.0 |
| 3             |        37.7 |        37.7 |        37.7 |        37.7 |
| 4             |        38.8 |        38.8 |        38.8 |        38.8 |
| 5             |        27.0 |        27.0 |        27.0 |        27.8 |
| 6             |        17.2 |        17.2 |        17.2 |        17.2 |
| 7             |        40.1 |        40.1 |        40.1 |        40.2 |
| 8             |        42.4 |        42.4 |        42.4 |        42.5 |
| 9             |        54.1 |        54.1 |        54.1 |        53.9 |
| 10            |        24.1 |        24.1 |        24.1 |        23.0 |
| 11            |        12.7 |        12.7 |        12.7 |        12.4 |
| 12            |        12.7 |        12.7 |        12.7 |        12.9 |
| 13            |        7.39 |        7.39 |        7.39 |        7.39 |
| 14            |        9.04 |        9.04 |        9.04 |        9.17 |
| 15            |        14.0 |        14.0 |        14.0 |        13.4 |
| 16            |        21.0 |        21.0 |        21.0 |        21.1 |
| 17            |        23.9 |        23.9 |        23.9 |        24.0 |
| 18            |        26.2 |        26.2 |        26.2 |        25.6 |
| 19            |        34.0 |        34.0 |        34.0 |        34.0 |
| 20            |        21.0 |        21.0 |        21.0 |        21.5 |
| 21            |        22.2 |        22.2 |        22.2 |        21.5 |
| 22            |        8.96 |        8.96 |        8.96 |        8.97 |
| 23            |        34.9 |        34.9 |        34.9 |        34.4 |
| 24            |        11.0 |        11.0 |        11.0 |        11.0 |
+---------------+-------------+-------------+-------------+-------------+
