Evolution Benchmark report

Version            - 3.3.0
Date               - 20:16 13/01/2024
Compiler           - cc (Debian 12.2.0-14) 12.2.0
Logical cores      - 1
Important          - 1
CLOCKRATE_MAX      - 1500
TDP_MAX            - 20
CPU name           - VIA C7 Processor 1500MHz
Comment            - 32-bit Linux Debian 12

OVERALL RESULT     - 48.3

Single core        - 48.3
Multi core         - 48.3 (MP ratio x1.0)
Quad core          - 48.3 (MP ratio x1.0)
Workstation        - 48.3 (MP ratio x1.0)

+---------------+-------------+-------------+-------------+-------------+
| Non optimized | Single core |  Multi core |  Quad core  | Workstation |
+---------------+-------------+-------------+-------------+-------------+
| Maximum       |         116 |         116 |         116 |         116 |
| Average       |        54.2 |        54.2 |        54.2 |        54.3 |
| Geometric     |        48.3 |        48.3 |        48.3 |        48.3 |
| Harmonic      |        42.6 |        42.6 |        42.6 |        42.6 |
| Minimum       |        16.7 |        16.7 |        16.7 |        16.7 |
+---------------+-------------+-------------+-------------+-------------+
| 1             |        88.4 |        88.4 |        88.4 |        88.5 |
| 2             |        69.3 |        69.3 |        69.3 |        69.4 |
| 3             |        56.0 |        56.0 |        56.0 |        55.8 |
| 4             |        74.8 |        74.8 |        74.8 |        74.7 |
| 5             |        52.9 |        52.9 |        52.9 |        52.9 |
| 6             |        42.3 |        42.3 |        42.3 |        42.3 |
| 7             |         116 |         116 |         116 |         116 |
| 8             |        68.4 |        68.4 |        68.4 |        68.4 |
| 9             |        97.6 |        97.6 |        97.6 |        97.8 |
| 10            |        37.6 |        37.6 |        37.6 |        37.6 |
| 11            |        32.7 |        32.7 |        32.7 |        32.7 |
| 12            |        32.8 |        32.8 |        32.8 |        32.9 |
| 13            |        16.7 |        16.7 |        16.7 |        16.7 |
| 14            |        23.9 |        23.9 |        23.9 |        23.9 |
| 15            |        47.2 |        47.2 |        47.2 |        47.3 |
| 16            |        31.7 |        31.7 |        31.7 |        31.8 |
| 17            |        82.1 |        82.1 |        82.1 |        82.1 |
| 18            |        61.0 |        61.0 |        61.0 |        60.9 |
| 19            |        49.6 |        49.6 |        49.6 |        49.7 |
| 20            |        70.6 |        70.6 |        70.6 |        70.5 |
| 21            |        30.4 |        30.4 |        30.4 |        30.5 |
| 22            |        24.1 |        24.1 |        24.1 |        24.1 |
| 23            |        68.1 |        68.1 |        68.1 |        68.1 |
| 24            |        27.6 |        27.6 |        27.6 |        27.7 |
+---------------+-------------+-------------+-------------+-------------+

Optimized score - 155 (optimized ratio x3.2)

Single core        - 155
Multi core         - 155 (MP ratio x1.0)
Quad core          - 155 (MP ratio x1.0)
Workstation        - 134 (MP ratio x0.9)

+---------------+-------------+-------------+-------------+-------------+
| Optimized     | Single core |  Multi core |  Quad core  | Workstation |
+---------------+-------------+-------------+-------------+-------------+
| Maximum       |         320 |         320 |         320 |         262 |
| Average       |         182 |         182 |         182 |         156 |
| Geometric     |         155 |         155 |         155 |         134 |
| Harmonic      |         116 |         116 |         116 |         103 |
| Minimum       |        24.5 |        24.5 |        24.5 |        23.2 |
+---------------+-------------+-------------+-------------+-------------+
| 1             |         231 |         231 |         231 |         210 |
| 2             |         254 |         254 |         254 |         218 |
| 3             |         320 |         320 |         320 |         262 |
| 4             |         285 |         285 |         285 |         231 |
| 5             |         195 |         195 |         195 |         161 |
| 6             |         249 |         249 |         249 |         201 |
| 7             |         199 |         199 |         199 |         184 |
| 8             |         237 |         237 |         237 |         217 |
| 9             |         293 |         293 |         293 |         260 |
| 10            |         199 |         199 |         199 |         164 |
| 11            |         208 |         208 |         208 |         154 |
| 12            |         182 |         182 |         182 |         140 |
| 13            |        32.2 |        32.2 |        32.2 |        30.3 |
| 14            |        70.4 |        70.4 |        70.4 |        63.5 |
| 15            |         102 |         102 |         102 |        97.0 |
| 16            |         114 |         114 |         114 |        99.3 |
| 17            |         194 |         194 |         194 |         174 |
| 18            |         163 |         163 |         163 |         151 |
| 19            |         200 |         200 |         200 |         165 |
| 20            |         116 |         116 |         116 |         111 |
| 21            |         187 |         187 |         187 |         151 |
| 22            |        24.5 |        24.5 |        24.5 |        23.2 |
| 23            |         256 |         256 |         256 |         215 |
| 24            |        64.0 |        64.0 |        64.0 |        53.0 |
+---------------+-------------+-------------+-------------+-------------+
