Evolution Benchmark report

Version            - 3.3.0
Date               - 08:37 02/05/2026
Compiler           - gcc (Debian 4.9.2-10+deb8u2) 4.9.2
Logical cores      - 48
CPU name           - AMD EPYC 9255 24-Core Processor                
Comment            - 

OVERALL RESULT     - 5887

Single core        - 1168  
Multi core         - 37532  (MP ratio x32.1)
Quad core          - 4653   (MP ratio x4.0)
Workstation        - 37432  (MP ratio x32.0)

+---------------+-------------+-------------+-------------+-------------+
| Non optimized | Single core |  Multi core |   Quad core | Workstation |
+---------------+-------------+-------------+-------------+-------------+
| Maximum       |        4187 |      113300 |       16614 |      113041 |
| Average       |        1515 |       43982 |        6032 |       43818 |
| Geometric     |        1168 |       37532 |        4653 |       37432 |
| Harmonic      |         902 |       32459 |        3592 |       32397 |
| Minimum       |         289 |       15750 |        1150 |       15699 |
+---------------+-------------+-------------+-------------+-------------+
| 1             |        2861 |       77692 |       11342 |       75325 |
| 2             |        2266 |       52932 |        9054 |       53302 |
| 3             |         600 |       30241 |        2339 |       30100 |
| 4             |         855 |       32243 |        3454 |       32707 |
| 5             |         466 |       25293 |        1863 |       25274 |
| 6             |         514 |       25780 |        2053 |       25771 |
| 7             |        4187 |      113300 |       16614 |      113041 |
| 8             |        2265 |       54328 |        9008 |       54384 |
| 9             |        3612 |       76586 |       14414 |       76748 |
| 10            |         497 |       16907 |        1985 |       16776 |
| 11            |         289 |       15750 |        1150 |       15699 |
| 12            |         989 |       26567 |        3955 |       26366 |
| 13            |         624 |       16186 |        2459 |       16260 |
| 14            |        1033 |       26437 |        4097 |       26419 |
| 15            |        1713 |       48362 |        6838 |       48200 |
| 16            |        1422 |       35643 |        5662 |       35297 |
| 17            |        1241 |       52890 |        4957 |       52643 |
| 18            |        1515 |       36160 |        6043 |       36256 |
| 19            |         395 |       18949 |        1581 |       18946 |
| 20            |        2150 |       86411 |        8543 |       86224 |
| 21            |        1030 |       24784 |        4032 |       24831 |
| 22            |        3691 |       86570 |       14729 |       85834 |
| 23            |        1165 |       41612 |        4654 |       41676 |
| 24            |         976 |       33937 |        3935 |       33543 |
+---------------+-------------+-------------+-------------+-------------+

Optimized score - 27112 (optimized ratio x4.6)

Single core        - 5605  
Multi core         - 158552 (MP ratio x28.3)
Quad core          - 22426  (MP ratio x4.0)
Workstation        - 161900 (MP ratio x28.9)

+---------------+-------------+-------------+-------------+-------------+
| Optimized     | Single core |  Multi core |   Quad core | Workstation |
+---------------+-------------+-------------+-------------+-------------+
| Maximum       |       25021 |      566913 |      100389 |      570368 |
| Average       |        7232 |      188002 |       28862 |      193625 |
| Geometric     |        5605 |      158552 |       22426 |      161900 |
| Harmonic      |        4503 |      138248 |       18034 |      139560 |
| Minimum       |        1603 |       67484 |        6414 |       63728 |
+---------------+-------------+-------------+-------------+-------------+
| 1             |       19742 |      465087 |       76642 |      469985 |
| 2             |        5650 |      151944 |       22461 |      154184 |
| 3             |        6192 |      180823 |       24748 |      177602 |
| 4             |        5410 |      132712 |       22112 |      126755 |
| 5             |        2460 |       85842 |        9798 |       84459 |
| 6             |        3164 |       95585 |       12649 |       95111 |
| 7             |       25021 |      566913 |      100389 |      570368 |
| 8             |       12948 |      318197 |       51766 |      328991 |
| 9             |       14103 |      341555 |       56345 |      347405 |
| 10            |        6401 |      150092 |       25586 |      151688 |
| 11            |        3343 |      104569 |       13408 |      105798 |
| 12            |        5441 |      149518 |       21860 |      144184 |
| 13            |        2946 |       67484 |       11904 |       63728 |
| 14            |        3905 |      103781 |       15639 |      101327 |
| 15            |        6013 |      185895 |       24103 |      202371 |
| 16            |        6349 |      150736 |       25740 |      152245 |
| 17            |        4460 |      179457 |       17842 |      183005 |
| 18            |       15041 |      327536 |       59920 |      373302 |
| 19            |        1603 |       75851 |        6414 |       76117 |
| 20            |        1757 |       81484 |        7030 |       82366 |
| 21            |        7985 |      177401 |       31820 |      214695 |
| 22            |        5561 |      135956 |       22208 |      147699 |
| 23            |        4317 |      183024 |       17278 |      189923 |
| 24            |        3756 |      100606 |       15026 |      103692 |
+---------------+-------------+-------------+-------------+-------------+
