Evolution Benchmark report

Version            - 3.3.0
Date               - 21:39 16/12/2023
Compiler           - cc (Debian 12.2.0-14) 12.2.0
Logical cores      - 32
Important          - 1
KEYWORD_CPU_ARCH_ID- AMD_ZEN4
CLOCKRATE_MAX      - 5700
CLOCKRATE_BASE     - 4500
TDP_MAX            - 230
CPU name           - AMD Ryzen 9 7950X 16-Core Processor            
Comment            - 

OVERALL RESULT     - 5412

Single core        - 1240
Multi core         - 25015 (MP ratio x20.2)
Quad core          - 5110 (MP ratio x4.1)
Workstation        - 24847 (MP ratio x20.0)

+---------------+-------------+-------------+-------------+-------------+
| Non optimized | Single core |  Multi core |  Quad core  | Workstation |
+---------------+-------------+-------------+-------------+-------------+
| Maximum       |        4276 |       64554 |       17224 |       63316 |
| Average       |        1517 |       28249 |        6156 |       28015 |
| Geometric     |        1240 |       25015 |        5110 |       24847 |
| Harmonic      |        1018 |       22429 |        4343 |       22291 |
| Minimum       |         324 |       12162 |        1828 |       11985 |
+---------------+-------------+-------------+-------------+-------------+
| 1             |        2916 |       47004 |       11735 |       46046 |
| 2             |        1985 |       32360 |        7981 |       31737 |
| 3             |         914 |       24318 |        3674 |       24042 |
| 4             |        1050 |       23628 |        4249 |       23296 |
| 5             |         756 |       20506 |        3049 |       20258 |
| 6             |         785 |       19587 |        3155 |       19199 |
| 7             |        4276 |       64554 |       17224 |       63316 |
| 8             |        2165 |       33540 |        9137 |       33016 |
| 9             |        3010 |       45115 |       12141 |       44419 |
| 10            |         703 |       13210 |        2812 |       13010 |
| 11            |         451 |       12509 |        1828 |       12446 |
| 12            |         844 |       14172 |        3396 |       13963 |
| 13            |         324 |       12162 |        2354 |       11985 |
| 14            |         876 |       16749 |        3517 |       16799 |
| 15            |        1883 |       32945 |        7603 |       32431 |
| 16            |        1248 |       20844 |        5031 |       20557 |
| 17            |        1084 |       34414 |        4354 |       34523 |
| 18            |        1578 |       23678 |        6368 |       23111 |
| 19            |         597 |       16453 |        2411 |       16366 |
| 20            |        1736 |       49415 |        6975 |       49583 |
| 21            |        1132 |       17016 |        4107 |       16829 |
| 22            |        3561 |       59362 |       14374 |       58424 |
| 23            |        1598 |       26034 |        6476 |       27454 |
| 24            |         938 |       18411 |        3790 |       19550 |
+---------------+-------------+-------------+-------------+-------------+

Optimized score - 24639 (optimized ratio x4.6)

Single core        - 5962
Multi core         - 106943 (MP ratio x17.9)
Quad core          - 23459 (MP ratio x3.9)
Workstation        - 108682 (MP ratio x18.2)

+---------------+-------------+-------------+-------------+-------------+
| Optimized     | Single core |  Multi core |  Quad core  | Workstation |
+---------------+-------------+-------------+-------------+-------------+
| Maximum       |       27634 |      385689 |      109170 |      386651 |
| Average       |        8147 |      129165 |       32079 |      132077 |
| Geometric     |        5962 |      106943 |       23459 |      108682 |
| Harmonic      |        4591 |       90963 |       18053 |       91744 |
| Minimum       |        1850 |       40154 |        7238 |       38679 |
+---------------+-------------+-------------+-------------+-------------+
| 1             |       25335 |      361474 |      100187 |      354826 |
| 2             |        6532 |      103571 |       25695 |      101959 |
| 3             |        6408 |      131509 |       25158 |      131354 |
| 4             |        6626 |      113634 |       26088 |      111720 |
| 5             |        2797 |       65142 |       10995 |       64127 |
| 6             |        3132 |       79483 |       12356 |       77738 |
| 7             |       27634 |      385689 |      109170 |      386651 |
| 8             |       13989 |      184856 |       55204 |      190124 |
| 9             |       13821 |      185039 |       54451 |      184646 |
| 10            |        7120 |       88977 |       28082 |       89206 |
| 11            |        3051 |       63859 |       11909 |       63597 |
| 12            |        8429 |      132100 |       33385 |      135020 |
| 13            |        2578 |       40154 |       10202 |       38679 |
| 14            |        2982 |       61235 |       11750 |       59574 |
| 15            |        6727 |      117374 |       26417 |      127341 |
| 16            |        5956 |       88977 |       23678 |       87699 |
| 17            |        4700 |      121952 |       18464 |      122991 |
| 18            |       16018 |      211826 |       62137 |      231171 |
| 19            |        1850 |       53525 |        7238 |       52827 |
| 20            |        2131 |       61367 |        8349 |       60953 |
| 21            |       16459 |      213607 |       64744 |      246649 |
| 22            |        4807 |       84164 |       18932 |       92757 |
| 23            |        4257 |      109875 |       16672 |      115006 |
| 24            |        2192 |       40563 |        8641 |       43237 |
+---------------+-------------+-------------+-------------+-------------+
