Evolution Benchmark report

Version            - 3.3.0
Date               - 16:06 10/01/2024
Compiler           - cc (Debian 12.2.0-14) 12.2.0
Logical cores      - 24
KEYWORD_CPU_ARCH_ID- AMD_ZEN4
Important          - 0
CLOCKRATE_MAX      - 5400
CLOCKRATE_BASE     - 3700
TDP_MAX            - 88
TDP_BASE           - 65
CPU name           - AMD Ryzen 9 7900 12-Core Processor             
Comment            - Debian 12

OVERALL RESULT     - 4912

Single core        - 1296
Multi core         - 18271 (MP ratio x14.1)
Quad core          - 5005 (MP ratio x3.9)
Workstation        - 17185 (MP ratio x13.3)

+---------------+-------------+-------------+-------------+-------------+
| Non optimized | Single core |  Multi core |  Quad core  | Workstation |
+---------------+-------------+-------------+-------------+-------------+
| Maximum       |        4351 |       47242 |       16952 |       44555 |
| Average       |        1562 |       20640 |        6038 |       19403 |
| Geometric     |        1296 |       18271 |        5005 |       17185 |
| Harmonic      |        1101 |       16385 |        4248 |       15411 |
| Minimum       |         455 |        9141 |        1777 |        8469 |
+---------------+-------------+-------------+-------------+-------------+
| 1             |        2962 |       34545 |       11557 |       32410 |
| 2             |        2046 |       23821 |        7961 |       22322 |
| 3             |         910 |       17800 |        3610 |       16843 |
| 4             |        1000 |       17385 |        4164 |       16358 |
| 5             |         753 |       15038 |        2986 |       14208 |
| 6             |         793 |       14320 |        3098 |       13334 |
| 7             |        4351 |       47242 |       16952 |       44555 |
| 8             |        2328 |       24552 |        8959 |       22972 |
| 9             |        3094 |       33089 |       11857 |       30856 |
| 10            |         719 |        9688 |        2759 |        9037 |
| 11            |         455 |        9165 |        1777 |        8646 |
| 12            |         861 |       10376 |        3357 |        9780 |
| 13            |         654 |        9141 |        2343 |        8469 |
| 14            |         895 |       12177 |        3374 |       11391 |
| 15            |        1914 |       23905 |        7465 |       22308 |
| 16            |        1353 |       15427 |        5196 |       14368 |
| 17            |        1082 |       25074 |        4263 |       23778 |
| 18            |        1619 |       17367 |        6250 |       16098 |
| 19            |         600 |       12008 |        2358 |       11359 |
| 20            |        1728 |       35737 |        6807 |       34061 |
| 21            |        1163 |       12304 |        3895 |       11432 |
| 22            |        3658 |       43462 |       14059 |       40140 |
| 23            |        1644 |       19196 |        6353 |       18557 |
| 24            |         899 |       12547 |        3522 |       12388 |
+---------------+-------------+-------------+-------------+-------------+

Optimized score - 21598 (optimized ratio x4.4)

Single core        - 5744
Multi core         - 76926 (MP ratio x13.4)
Quad core          - 22803 (MP ratio x4.0)
Workstation        - 73831 (MP ratio x12.9)

+---------------+-------------+-------------+-------------+-------------+
| Optimized     | Single core |  Multi core |  Quad core  | Workstation |
+---------------+-------------+-------------+-------------+-------------+
| Maximum       |       25935 |      269653 |      103292 |      257614 |
| Average       |        7689 |       92224 |       30665 |       88550 |
| Geometric     |        5744 |       76926 |       22803 |       73831 |
| Harmonic      |        4513 |       66264 |       17869 |       63591 |
| Minimum       |        1738 |       31571 |        6971 |       30235 |
+---------------+-------------+-------------+-------------+-------------+
| 1             |       23920 |      246797 |       94992 |      231804 |
| 2             |        6111 |       71353 |       24003 |       68071 |
| 3             |        6021 |       94774 |       23836 |       91798 |
| 4             |        6221 |       78777 |       24728 |       75428 |
| 5             |        2635 |       45058 |       10542 |       43179 |
| 6             |        2964 |       49058 |       11821 |       46616 |
| 7             |       25935 |      269653 |      103292 |      257614 |
| 8             |       13159 |      132260 |       52406 |      126183 |
| 9             |       12886 |      131352 |       51506 |      124056 |
| 10            |        6709 |       63069 |       26663 |       59624 |
| 11            |        2865 |       44159 |       11365 |       41974 |
| 12            |        8001 |       94375 |       31701 |       88683 |
| 13            |        3124 |       31571 |       11208 |       30235 |
| 14            |        3475 |       43381 |       13859 |       41348 |
| 15            |        6278 |       92467 |       24740 |       88056 |
| 16            |        5781 |       63784 |       22896 |       61242 |
| 17            |        4412 |       82195 |       17663 |       78562 |
| 18            |       13996 |      155406 |       59307 |      148111 |
| 19            |        1738 |       37150 |        6971 |       35782 |
| 20            |        1984 |       42753 |        7848 |       41499 |
| 21            |       15450 |      165158 |       61257 |      171729 |
| 22            |        4315 |       60779 |       17033 |       58204 |
| 23            |        3991 |       77775 |       15936 |       75793 |
| 24            |        2575 |       40279 |       10390 |       39620 |
+---------------+-------------+-------------+-------------+-------------+
