Evolution Benchmark report

Version            - 3.3.0
Date               - 15:32 18/12/2023
Compiler           - cc (Debian 12.2.0-14) 12.2.0
Logical cores      - 32
KEYWORD_CPU_ARCH_ID- AMD_ZEN1PLUS
Important          - 0
CLOCKRATE_MAX      - 4400
CLOCKRATE_BASE     - 3500
TDP_MAX            - 180
CPU name           - AMD Ryzen Threadripper 2950X 16-Core Processor 
Comment            - 

OVERALL RESULT     - 3505

Single core        - 844
Multi core         - 15269 (MP ratio x18.1)
Quad core          - 3341 (MP ratio x4.0)
Workstation        - 15032 (MP ratio x17.8)

+---------------+-------------+-------------+-------------+-------------+
| Non optimized | Single core |  Multi core |  Quad core  | Workstation |
+---------------+-------------+-------------+-------------+-------------+
| Maximum       |        2595 |       37711 |       10232 |       36821 |
| Average       |         982 |       17218 |        3888 |       16925 |
| Geometric     |         844 |       15269 |        3341 |       15032 |
| Harmonic      |         734 |       13706 |        2910 |       13501 |
| Minimum       |         318 |        6771 |        1261 |        6671 |
+---------------+-------------+-------------+-------------+-------------+
| 1             |        1697 |       25677 |        6896 |       25213 |
| 2             |        1185 |       18128 |        4646 |       17930 |
| 3             |         771 |       15651 |        3054 |       15430 |
| 4             |         801 |       15088 |        3186 |       15068 |
| 5             |         585 |       13456 |        2349 |       13237 |
| 6             |         694 |       11244 |        2722 |       11041 |
| 7             |        2595 |       37711 |       10232 |       36721 |
| 8             |        1466 |       19724 |        5816 |       19686 |
| 9             |        2014 |       26851 |        7958 |       26741 |
| 10            |         474 |        8416 |        1884 |        8368 |
| 11            |         383 |        8769 |        1593 |        8589 |
| 12            |         465 |        8789 |        1836 |        8600 |
| 13            |         318 |        6771 |        1261 |        6671 |
| 14            |         543 |        9509 |        2088 |        9446 |
| 15            |        1136 |       17246 |        4503 |       17067 |
| 16            |         813 |       12665 |        3204 |       12484 |
| 17            |         834 |       25070 |        3240 |       25005 |
| 18            |         918 |       12858 |        3629 |       12613 |
| 19            |         499 |       12880 |        1977 |       12911 |
| 20            |        1447 |       37531 |        5720 |       36821 |
| 21            |         637 |        8883 |        2524 |        8701 |
| 22            |        1768 |       32265 |        6945 |       30580 |
| 23            |        1015 |       16504 |        4013 |       16025 |
| 24            |         515 |       11557 |        2026 |       11242 |
+---------------+-------------+-------------+-------------+-------------+

Optimized score - 14984 (optimized ratio x4.3)

Single core        - 3595
Multi core         - 65439 (MP ratio x18.2)
Quad core          - 14301 (MP ratio x4.0)
Workstation        - 63786 (MP ratio x17.7)

+---------------+-------------+-------------+-------------+-------------+
| Optimized     | Single core |  Multi core |  Quad core  | Workstation |
+---------------+-------------+-------------+-------------+-------------+
| Maximum       |       17002 |      245098 |       67924 |      241584 |
| Average       |        4962 |       80000 |       19898 |       78056 |
| Geometric     |        3595 |       65439 |       14301 |       63786 |
| Harmonic      |        2677 |       54288 |       10577 |       53074 |
| Minimum       |         819 |       20672 |        3227 |       20160 |
+---------------+-------------+-------------+-------------+-------------+
| 1             |       15074 |      205385 |       61954 |      202341 |
| 2             |        4422 |       71437 |       17876 |       69283 |
| 3             |        4044 |       88167 |       16068 |       85597 |
| 4             |        4141 |       76546 |       16634 |       74174 |
| 5             |        1568 |       37178 |        6195 |       36638 |
| 6             |        2154 |       46144 |        8509 |       44270 |
| 7             |       17002 |      245098 |       67924 |      241584 |
| 8             |        8472 |      110880 |       34143 |      108781 |
| 9             |        9076 |      119429 |       36486 |      118121 |
| 10            |        4129 |       54048 |       16592 |       52249 |
| 11            |        1788 |       40538 |        7082 |       39744 |
| 12            |        4288 |       60568 |       16957 |       59778 |
| 13            |         819 |       20672 |        3227 |       20160 |
| 14            |        1792 |       32259 |        7044 |       30916 |
| 15            |        5268 |       85486 |       20973 |       82593 |
| 16            |        3414 |       54626 |       13426 |       52470 |
| 17            |        3090 |       78632 |       12167 |       74421 |
| 18            |        8926 |      135255 |       36130 |      130485 |
| 19            |        1238 |       34846 |        4879 |       33772 |
| 20            |        1598 |       44437 |        6282 |       43180 |
| 21            |        9924 |      138925 |       39842 |      135883 |
| 22            |        2824 |       49279 |       11309 |       46690 |
| 23            |        2831 |       68584 |       11139 |       67712 |
| 24            |        1218 |       21586 |        4706 |       22514 |
+---------------+-------------+-------------+-------------+-------------+
