Evolution Benchmark report

Version            - 3.3.0
Date               - 16:14 17/12/2023
Compiler           - cc (Debian 12.2.0-14) 12.2.0
Logical cores      - 12
KEYWORD_CPU_ARCH_ID- AMD_ZEN2
Important          - 0
CLOCKRATE_MAX      - 4200
CLOCKRATE_BASE     - 3600
TDP_MAX            - 88
TDP_BASE           - 65
CPU name           - AMD Ryzen 5 3600 6-Core Processor              
Comment            - 

OVERALL RESULT     - 2744

Single core        - 896
Multi core         - 6559 (MP ratio x7.3)
Quad core          - 3517 (MP ratio x3.9)
Workstation        - 6474 (MP ratio x7.2)

+---------------+-------------+-------------+-------------+-------------+
| Non optimized | Single core |  Multi core |  Quad core  | Workstation |
+---------------+-------------+-------------+-------------+-------------+
| Maximum       |        2613 |       15878 |       10153 |       16051 |
| Average       |        1044 |        7414 |        4082 |        7331 |
| Geometric     |         896 |        6559 |        3517 |        6474 |
| Harmonic      |         782 |        5886 |        3087 |        5805 |
| Minimum       |         372 |        3242 |        1549 |        3222 |
+---------------+-------------+-------------+-------------+-------------+
| 1             |        1847 |       11016 |        7161 |       11158 |
| 2             |        1362 |        7777 |        5260 |        7643 |
| 3             |         786 |        6754 |        3088 |        6678 |
| 4             |         833 |        6366 |        3259 |        6386 |
| 5             |         606 |        5753 |        2459 |        5685 |
| 6             |         696 |        4652 |        2715 |        4568 |
| 7             |        2613 |       15878 |       10153 |       16051 |
| 8             |        1448 |        8412 |        5862 |        8344 |
| 9             |        2158 |       12009 |        8357 |       11991 |
| 10            |         488 |        3556 |        1895 |        3548 |
| 11            |         372 |        3632 |        1549 |        3556 |
| 12            |         577 |        3673 |        2248 |        3583 |
| 13            |         405 |        3242 |        1639 |        3222 |
| 14            |         554 |        3770 |        2143 |        3769 |
| 15            |        1168 |        7432 |        4532 |        7356 |
| 16            |         796 |        5340 |        3105 |        5270 |
| 17            |         864 |       10327 |        3376 |       10398 |
| 18            |         942 |        5480 |        3690 |        5428 |
| 19            |         494 |        5413 |        1952 |        5415 |
| 20            |        1505 |       15734 |        5916 |       15611 |
| 21            |         687 |        4122 |        2692 |        3916 |
| 22            |        2199 |       15331 |        8510 |       14718 |
| 23            |        1049 |        7354 |        4081 |        6689 |
| 24            |         597 |        4923 |        2319 |        4954 |
+---------------+-------------+-------------+-------------+-------------+

Optimized score - 11092 (optimized ratio x4.0)

Single core        - 3557
Multi core         - 27351 (MP ratio x7.7)
Quad core          - 14028 (MP ratio x3.9)
Workstation        - 26822 (MP ratio x7.5)

+---------------+-------------+-------------+-------------+-------------+
| Optimized     | Single core |  Multi core |  Quad core  | Workstation |
+---------------+-------------+-------------+-------------+-------------+
| Maximum       |       17316 |      104233 |       68489 |      104960 |
| Average       |        5073 |       34369 |       20018 |       33880 |
| Geometric     |        3557 |       27351 |       14028 |       26822 |
| Harmonic      |        2630 |       22272 |       10378 |       21731 |
| Minimum       |        1022 |        9256 |        3994 |        8642 |
+---------------+-------------+-------------+-------------+-------------+
| 1             |       16961 |       96271 |       67168 |       96492 |
| 2             |        4797 |       31325 |       18934 |       30126 |
| 3             |        4417 |       36851 |       17353 |       36949 |
| 4             |        4336 |       32214 |       17182 |       32133 |
| 5             |        1124 |       12126 |        4410 |       12088 |
| 6             |        2187 |       20745 |        8617 |       20601 |
| 7             |       17316 |      104233 |       68489 |      104960 |
| 8             |        8026 |       47732 |       31597 |       47033 |
| 9             |        9112 |       54072 |       35700 |       52947 |
| 10            |        2087 |       15961 |        8245 |       15126 |
| 11            |        1822 |       16835 |        7160 |       17043 |
| 12            |        5050 |       35811 |       19803 |       32855 |
| 13            |        1207 |        9256 |        4983 |        9030 |
| 14            |        1856 |       14789 |        7303 |       14529 |
| 15            |        4953 |       34610 |       19454 |       32259 |
| 16            |        3248 |       22698 |       12783 |       22449 |
| 17            |        2344 |       24616 |        9202 |       24855 |
| 18            |       10099 |       59498 |       39974 |       58206 |
| 19            |        1022 |       11642 |        3994 |       11591 |
| 20            |        1561 |       17334 |        6114 |       17545 |
| 21            |       10743 |       63509 |       42538 |       63387 |
| 22            |        3121 |       21115 |       12325 |       21337 |
| 23            |        3065 |       31948 |       12042 |       30930 |
| 24            |        1293 |        9674 |        5051 |        8642 |
+---------------+-------------+-------------+-------------+-------------+
