Evolution Benchmark report

Version            - 3.3.0
Date               - 13:43 15/05/2026
Compiler           - Apple clang version 15.0.0 (clang-1500.3.9.4)
Logical cores      - 16
KEYWORD_CPU_ARCH_ID- APPLE_M4
Important          - 1
CLOCKRATE_MAX      - 4400
TDP_MAX            - 80
CPU name           - Apple M4 Max
Comment            - Apple M4 Max / Mac Studio

OVERALL RESULT     - 6888

Single core        - 1982  
Multi core         - 23342  (MP ratio x11.8)
Quad core          - 7063   (MP ratio x3.6)
Workstation        - 23281  (MP ratio x11.7)

+---------------+-------------+-------------+-------------+-------------+
| Non optimized | Single core |  Multi core |   Quad core | Workstation |
+---------------+-------------+-------------+-------------+-------------+
| Maximum       |        6592 |       80495 |       24832 |       80011 |
| Average       |        2304 |       27286 |        8261 |       27209 |
| Geometric     |        1982 |       23342 |        7063 |       23281 |
| Harmonic      |        1726 |       20283 |        6121 |       20230 |
| Minimum       |         736 |        9300 |        2548 |        9274 |
+---------------+-------------+-------------+-------------+-------------+
| 1             |        3110 |       36602 |       11046 |       36453 |
| 2             |        2274 |       26840 |        8130 |       26716 |
| 3             |        2169 |       24537 |        7682 |       24620 |
| 4             |        1955 |       22501 |        7002 |       22421 |
| 5             |        1711 |       19454 |        6080 |       19450 |
| 6             |        1593 |       18718 |        5788 |       18636 |
| 7             |        4313 |       50928 |       15169 |       50660 |
| 8             |        2846 |       33895 |       10195 |       34069 |
| 9             |        4199 |       50511 |       15117 |       50209 |
| 10            |        1214 |       13717 |        4238 |       13698 |
| 11            |        1083 |       12442 |        3836 |       12378 |
| 12            |        1089 |       12531 |        3859 |       12499 |
| 13            |         953 |       10589 |        3364 |       10578 |
| 14            |        1234 |       14754 |        4382 |       14778 |
| 15            |        3712 |       44782 |       13700 |       44844 |
| 16            |        1661 |       18997 |        5778 |       18904 |
| 17            |        1826 |       21378 |        6578 |       21146 |
| 18            |        2645 |       31945 |        9579 |       31927 |
| 19            |         736 |        9300 |        2548 |        9274 |
| 20            |        3419 |       39888 |       11750 |       39762 |
| 21            |        1575 |       18700 |        5677 |       18618 |
| 22            |        6592 |       80495 |       24832 |       80011 |
| 23            |        2317 |       28520 |        8192 |       28569 |
| 24            |        1061 |       12850 |        3746 |       12787 |
+---------------+-------------+-------------+-------------+-------------+

Optimized score - 26171 (optimized ratio x3.8)

Single core        - 7233  
Multi core         - 90359  (MP ratio x12.5)
Quad core          - 27425  (MP ratio x3.8)
Workstation        - 89246  (MP ratio x12.3)

+---------------+-------------+-------------+-------------+-------------+
| Optimized     | Single core |  Multi core |   Quad core | Workstation |
+---------------+-------------+-------------+-------------+-------------+
| Maximum       |       27191 |      334628 |      106681 |      324404 |
| Average       |        9276 |      116460 |       35653 |      114501 |
| Geometric     |        7233 |       90359 |       27425 |       89246 |
| Harmonic      |        5562 |       69312 |       20702 |       68746 |
| Minimum       |        1361 |       17459 |        4794 |       17515 |
+---------------+-------------+-------------+-------------+-------------+
| 1             |       12213 |      155832 |       47479 |      154713 |
| 2             |        8626 |      106999 |       33383 |      106826 |
| 3             |        4868 |       58799 |       17919 |       58555 |
| 4             |        7271 |       94738 |       29150 |       94276 |
| 5             |        3052 |       36419 |       11160 |       36278 |
| 6             |        3344 |       40173 |       12261 |       39646 |
| 7             |       23827 |      305510 |       92951 |      299695 |
| 8             |       18580 |      236115 |       72275 |      228351 |
| 9             |       27191 |      334628 |      106681 |      324404 |
| 10            |        9007 |      112975 |       34348 |      110266 |
| 11            |        3269 |       40438 |       12061 |       39664 |
| 12            |        9484 |      116836 |       36131 |      112498 |
| 13            |        3815 |       46334 |       14662 |       45871 |
| 14            |        4685 |       59008 |       18189 |       57509 |
| 15            |       19968 |      252022 |       77933 |      245302 |
| 16            |        7369 |       93922 |       28230 |       92002 |
| 17            |        4684 |       57975 |       17696 |       57607 |
| 18            |       13585 |      175290 |       52025 |      175281 |
| 19            |        1361 |       17459 |        4794 |       17515 |
| 20            |        7312 |       88200 |       25579 |       88027 |
| 21            |        7099 |       88997 |       27198 |       88638 |
| 22            |       10007 |      126304 |       39086 |      124417 |
| 23            |        8878 |      110059 |       32812 |      110392 |
| 24            |        3132 |       40008 |       11675 |       40303 |
+---------------+-------------+-------------+-------------+-------------+
