Evolution Benchmark report

Version            - 3.3.0
Date               - 11:17 08/04/2024
Compiler           - cc (Debian 4.9.2-10+deb8u1) 4.9.2
Logical cores      - 1
KEYWORD_CPU_ARCH_ID- INTEL_PENTIUM1_MMX
CLOCKRATE_MAX      - 233
TDP_MAX            - 17
CPU name           - Intel Pentium 233 MHz MMX
Comment            - Intel Pentium 233 MHz MMX / 32-bit Linux Debian 8

OVERALL RESULT     - 11.1

Single core        - 11.1
Multi core         - 11.1 (MP ratio x1.0)
Quad core          - 11.1 (MP ratio x1.0)
Workstation        - 11.1 (MP ratio x1.0)

+---------------+-------------+-------------+-------------+-------------+
| Non optimized | Single core |  Multi core |  Quad core  | Workstation |
+---------------+-------------+-------------+-------------+-------------+
| Maximum       |        24.9 |        24.9 |        24.9 |        24.9 |
| Average       |        12.1 |        12.1 |        12.1 |        12.1 |
| Geometric     |        11.1 |        11.1 |        11.1 |        11.1 |
| Harmonic      |        10.1 |        10.1 |        10.1 |        10.1 |
| Minimum       |        5.05 |        5.05 |        5.05 |        5.16 |
+---------------+-------------+-------------+-------------+-------------+
| 1             |        17.9 |        17.9 |        17.9 |        18.0 |
| 2             |        17.4 |        17.4 |        17.4 |        17.2 |
| 3             |        15.9 |        15.9 |        15.9 |        15.9 |
| 4             |        14.6 |        14.6 |        14.6 |        15.0 |
| 5             |        11.5 |        11.5 |        11.5 |        12.1 |
| 6             |        10.2 |        10.2 |        10.2 |        9.73 |
| 7             |        24.9 |        24.9 |        24.9 |        24.9 |
| 8             |        13.6 |        13.6 |        13.6 |        13.3 |
| 9             |        16.9 |        16.9 |        16.9 |        17.1 |
| 10            |        5.05 |        5.05 |        5.05 |        5.31 |
| 11            |        9.07 |        9.07 |        9.07 |        9.11 |
| 12            |        6.51 |        6.51 |        6.51 |        6.52 |
| 13            |        5.12 |        5.12 |        5.12 |        5.16 |
| 14            |        6.22 |        6.22 |        6.22 |        6.07 |
| 15            |        9.57 |        9.57 |        9.57 |        9.60 |
| 16            |        10.4 |        10.4 |        10.4 |        10.4 |
| 17            |        17.8 |        17.8 |        17.8 |        17.8 |
| 18            |        9.18 |        9.18 |        9.18 |        8.87 |
| 19            |        14.3 |        14.3 |        14.3 |        14.3 |
| 20            |        17.4 |        17.4 |        17.4 |        17.3 |
| 21            |        6.71 |        6.71 |        6.71 |        6.96 |
| 22            |        11.5 |        11.5 |        11.5 |        11.5 |
| 23            |        10.2 |        10.2 |        10.2 |        9.51 |
| 24            |        7.62 |        7.62 |        7.62 |        7.62 |
+---------------+-------------+-------------+-------------+-------------+

Optimized score - 26.7 (optimized ratio x2.4)

Single core        - 26.7
Multi core         - 26.7 (MP ratio x1.0)
Quad core          - 26.7 (MP ratio x1.0)
Workstation        - 26.6 (MP ratio x1.0)

+---------------+-------------+-------------+-------------+-------------+
| Optimized     | Single core |  Multi core |  Quad core  | Workstation |
+---------------+-------------+-------------+-------------+-------------+
| Maximum       |        73.4 |        73.4 |        73.4 |        73.4 |
| Average       |        31.2 |        31.2 |        31.2 |        31.0 |
| Geometric     |        26.7 |        26.7 |        26.7 |        26.6 |
| Harmonic      |        22.4 |        22.4 |        22.4 |        22.6 |
| Minimum       |        9.15 |        9.15 |        9.15 |        9.64 |
+---------------+-------------+-------------+-------------+-------------+
| 1             |        56.0 |        56.0 |        56.0 |        56.6 |
| 2             |        43.3 |        43.3 |        43.3 |        43.3 |
| 3             |        50.5 |        50.5 |        50.5 |        51.0 |
| 4             |        53.1 |        53.1 |        53.1 |        53.6 |
| 5             |        28.9 |        28.9 |        28.9 |        30.8 |
| 6             |        20.4 |        20.4 |        20.4 |        21.1 |
| 7             |        47.8 |        47.8 |        47.8 |        49.0 |
| 8             |        41.4 |        41.4 |        41.4 |        40.1 |
| 9             |        73.4 |        73.4 |        73.4 |        73.4 |
| 10            |        24.4 |        24.4 |        24.4 |        24.6 |
| 11            |        12.4 |        12.4 |        12.4 |        12.2 |
| 12            |        12.7 |        12.7 |        12.7 |        12.9 |
| 13            |        9.43 |        9.43 |        9.43 |        9.64 |
| 14            |        9.15 |        9.15 |        9.15 |        9.97 |
| 15            |        18.8 |        18.8 |        18.8 |        18.8 |
| 16            |        29.5 |        29.5 |        29.5 |        29.6 |
| 17            |        23.9 |        23.9 |        23.9 |        22.2 |
| 18            |        32.0 |        32.0 |        32.0 |        28.9 |
| 19            |        38.5 |        38.5 |        38.5 |        39.0 |
| 20            |        27.1 |        27.1 |        27.1 |        27.3 |
| 21            |        25.4 |        25.4 |        25.4 |        25.5 |
| 22            |        12.4 |        12.4 |        12.4 |        12.4 |
| 23            |        42.5 |        42.5 |        42.5 |        37.3 |
| 24            |        15.3 |        15.3 |        15.3 |        15.4 |
+---------------+-------------+-------------+-------------+-------------+
