Evolution Benchmark report

Version            - 3.3.0
Date               - 00:03 16/07/2024
Compiler           - cc (Debian 12.2.0-14) 12.2.0
Logical cores      - 2
Important          - 0
CLOCKRATE_MAX      - 3900
CLOCKRATE_BASE     - 3500
TDP_MAX            - 65
CPU name           - AMD PRO A4-8350B
Comment            - 64-bit Linux Debian 12

OVERALL RESULT     - 674

Single core        - 432
Multi core         - 841 (MP ratio x1.9)
Quad core          - 841 (MP ratio x1.9)
Workstation        - 839 (MP ratio x1.9)

+---------------+-------------+-------------+-------------+-------------+
| Non optimized | Single core |  Multi core |  Quad core  | Workstation |
+---------------+-------------+-------------+-------------+-------------+
| Maximum       |        1443 |        2642 |        2642 |        2632 |
| Average       |         499 |         965 |         965 |         962 |
| Geometric     |         432 |         841 |         841 |         839 |
| Harmonic      |         384 |         750 |         750 |         749 |
| Minimum       |         206 |         411 |         411 |         411 |
+---------------+-------------+-------------+-------------+-------------+
| 1             |        1123 |        2146 |        2146 |        2125 |
| 2             |         780 |        1481 |        1481 |        1478 |
| 3             |         405 |         822 |         822 |         820 |
| 4             |         385 |         811 |         811 |         802 |
| 5             |         316 |         642 |         642 |         641 |
| 6             |         352 |         697 |         697 |         697 |
| 7             |        1443 |        2642 |        2642 |        2632 |
| 8             |         673 |        1291 |        1291 |        1298 |
| 9             |         822 |        1622 |        1622 |        1624 |
| 10            |         225 |         438 |         438 |         439 |
| 11            |         206 |         413 |         413 |         413 |
| 12            |         313 |         572 |         572 |         566 |
| 13            |         216 |         411 |         411 |         411 |
| 14            |         281 |         534 |         534 |         537 |
| 15            |         329 |         643 |         643 |         645 |
| 16            |         441 |         849 |         849 |         854 |
| 17            |         562 |        1116 |        1116 |        1114 |
| 18            |         382 |         756 |         756 |         757 |
| 19            |         265 |         527 |         527 |         528 |
| 20            |         708 |        1364 |        1364 |        1343 |
| 21            |         289 |         572 |         572 |         556 |
| 22            |         725 |        1383 |        1383 |        1375 |
| 23            |         401 |         788 |         788 |         791 |
| 24            |         339 |         643 |         643 |         644 |
+---------------+-------------+-------------+-------------+-------------+

Optimized score - 2306 (optimized ratio x3.4)

Single core        - 1640
Multi core         - 2735 (MP ratio x1.7)
Quad core          - 2735 (MP ratio x1.7)
Workstation        - 2851 (MP ratio x1.7)

+---------------+-------------+-------------+-------------+-------------+
| Optimized     | Single core |  Multi core |  Quad core  | Workstation |
+---------------+-------------+-------------+-------------+-------------+
| Maximum       |        7891 |       11772 |       11772 |       12431 |
| Average       |        2124 |        3384 |        3384 |        3580 |
| Geometric     |        1640 |        2735 |        2735 |        2851 |
| Harmonic      |        1343 |        2329 |        2329 |        2401 |
| Minimum       |         614 |        1207 |        1207 |        1212 |
+---------------+-------------+-------------+-------------+-------------+
| 1             |        5236 |        9613 |        9613 |        9477 |
| 2             |        2293 |        3897 |        3897 |        3819 |
| 3             |        1309 |        2618 |        2618 |        2615 |
| 4             |        1600 |        2950 |        2950 |        2899 |
| 5             |         802 |        1523 |        1523 |        1541 |
| 6             |         951 |        1849 |        1849 |        1858 |
| 7             |        7891 |       11772 |       11772 |       12431 |
| 8             |        4028 |        5504 |        5504 |        5688 |
| 9             |        3639 |        5201 |        5201 |        5585 |
| 10            |        1583 |        2234 |        2234 |        2276 |
| 11            |         823 |        1596 |        1596 |        1561 |
| 12            |        1939 |        3151 |        3151 |        2967 |
| 13            |         780 |        1436 |        1436 |        1397 |
| 14            |         963 |        1540 |        1540 |        1603 |
| 15            |        1399 |        1816 |        1816 |        2118 |
| 16            |        1460 |        2497 |        2497 |        2615 |
| 17            |        1734 |        3205 |        3205 |        3273 |
| 18            |        3844 |        4814 |        4814 |        6237 |
| 19            |         693 |        1280 |        1280 |        1337 |
| 20            |         614 |        1207 |        1207 |        1212 |
| 21            |        3932 |        5426 |        5426 |        7054 |
| 22            |        1048 |        1848 |        1848 |        1928 |
| 23            |        1395 |        2701 |        2701 |        2769 |
| 24            |        1016 |        1531 |        1531 |        1651 |
+---------------+-------------+-------------+-------------+-------------+
