Evolution Benchmark report

Version            - 3.3.0
Date               - 16:27 16/12/2023
Compiler           - cc (Debian 12.2.0-14) 12.2.0
Logical cores      - 16
KEYWORD_CPU_ARCH_ID- AMD_ZEN2
Important          - 1
CLOCKRATE_MAX      - 4400
CLOCKRATE_BASE     - 3600
TDP_MAX            - 88
CPU name           - AMD Ryzen 7 3700X 8-Core Processor            
Comment            - 

OVERALL RESULT     - 3033

Single core        - 906
Multi core         - 8710 (MP ratio x9.6)
Quad core          - 3535 (MP ratio x3.9)
Workstation        - 8634 (MP ratio x9.5)

+---------------+-------------+-------------+-------------+-------------+
| Non optimized | Single core |  Multi core |  Quad core  | Workstation |
+---------------+-------------+-------------+-------------+-------------+
| Maximum       |        2638 |       21175 |       10210 |       21188 |
| Average       |        1055 |        9829 |        4098 |        9760 |
| Geometric     |         906 |        8710 |        3535 |        8634 |
| Harmonic      |         792 |        7826 |        3107 |        7748 |
| Minimum       |         379 |        4277 |        1561 |        4280 |
+---------------+-------------+-------------+-------------+-------------+
| 1             |        1868 |       14669 |        7212 |       14638 |
| 2             |        1374 |       10388 |        5317 |       10333 |
| 3             |         799 |        8963 |        3109 |        8858 |
| 4             |         842 |        8509 |        3279 |        8497 |
| 5             |         618 |        7618 |        2477 |        7578 |
| 6             |         706 |        6263 |        2740 |        6153 |
| 7             |        2638 |       21175 |       10210 |       21188 |
| 8             |        1484 |       11148 |        5830 |       11089 |
| 9             |        2155 |       15558 |        8349 |       15841 |
| 10            |         489 |        4724 |        1901 |        4706 |
| 11            |         379 |        4949 |        1561 |        4841 |
| 12            |         585 |        4987 |        2263 |        4832 |
| 13            |         411 |        4277 |        1665 |        4280 |
| 14            |         563 |        5032 |        2193 |        4997 |
| 15            |        1162 |        9953 |        4547 |        9861 |
| 16            |         800 |        7250 |        3141 |        7124 |
| 17            |         880 |       13952 |        3397 |       13758 |
| 18            |         931 |        7310 |        3591 |        7282 |
| 19            |         504 |        7294 |        1971 |        7222 |
| 20            |        1545 |       21009 |        5955 |       20754 |
| 21            |         695 |        5186 |        2655 |        5151 |
| 22            |        2222 |       19689 |        8541 |       19614 |
| 23            |        1052 |        9451 |        4081 |        9169 |
| 24            |         607 |        6531 |        2364 |        6474 |
+---------------+-------------+-------------+-------------+-------------+

Optimized score - 12241 (optimized ratio x4.0)

Single core        - 3706
Multi core         - 35441 (MP ratio x9.6)
Quad core          - 13963 (MP ratio x3.8)
Workstation        - 35173 (MP ratio x9.5)

+---------------+-------------+-------------+-------------+-------------+
| Optimized     | Single core |  Multi core |  Quad core  | Workstation |
+---------------+-------------+-------------+-------------+-------------+
| Maximum       |       18696 |      139792 |       69509 |      138122 |
| Average       |        5384 |       44959 |       20239 |       44595 |
| Geometric     |        3706 |       35441 |       13963 |       35173 |
| Harmonic      |        2641 |       28363 |        9947 |       28197 |
| Minimum       |         767 |       10037 |        2872 |        9975 |
+---------------+-------------+-------------+-------------+-------------+
| 1             |       17954 |      126977 |       67762 |      126391 |
| 2             |        4746 |       40549 |       18882 |       39432 |
| 3             |        4695 |       48846 |       17456 |       48932 |
| 4             |        4578 |       42775 |       17329 |       42427 |
| 5             |        1209 |       16196 |        4529 |       16091 |
| 6             |        2334 |       27491 |        8797 |       27177 |
| 7             |       18696 |      139792 |       69509 |      138122 |
| 8             |        8562 |       62368 |       32186 |       61583 |
| 9             |        9733 |       69726 |       36445 |       70140 |
| 10            |        2231 |       20783 |        8400 |       19958 |
| 11            |        1949 |       22653 |        7336 |       22733 |
| 12            |        5375 |       45206 |       20155 |       43137 |
| 13            |         767 |       10037 |        2872 |        9975 |
| 14            |        1987 |       19254 |        7485 |       19083 |
| 15            |        5292 |       41883 |       19937 |       41721 |
| 16            |        3494 |       29493 |       13321 |       29664 |
| 17            |        2514 |       33200 |        9431 |       33076 |
| 18            |       10835 |       77662 |       40369 |       77147 |
| 19            |        1096 |       15589 |        4107 |       15591 |
| 20            |        1681 |       23626 |        6295 |       23563 |
| 21            |       11520 |       84128 |       43159 |       83535 |
| 22            |        3325 |       28214 |       12490 |       28105 |
| 23            |        3287 |       41376 |       12315 |       41332 |
| 24            |        1346 |       11181 |        5180 |       11355 |
+---------------+-------------+-------------+-------------+-------------+
