Evolution Benchmark report

Version            - 3.3.1
Date               - 21:02 03/04/2026
Compiler           - Microsoft (R) C/C++ Optimizing Compiler Version 19.16.27049 for x64 x64
Logical cores      - 24
CPU name           - AMD Ryzen 9 9900X 12-Core Processor            
Comment            - Full TDP=160 W / Windows 10

OVERALL RESULT     - 6514

Single core        - 1735  
Multi core         - 24010  (MP ratio x13.8)
Quad core          - 6635   (MP ratio x3.8)
Workstation        - 23370  (MP ratio x13.5)

+---------------+-------------+-------------+-------------+-------------+
| Non optimized | Single core |  Multi core |   Quad core | Workstation |
+---------------+-------------+-------------+-------------+-------------+
| Maximum       |        5510 |       58755 |       20328 |       56734 |
| Average       |        2123 |       27094 |        8077 |       26408 |
| Geometric     |        1735 |       24010 |        6635 |       23370 |
| Harmonic      |        1427 |       21277 |        5477 |       20671 |
| Minimum       |         589 |        9274 |        2273 |        8513 |
+---------------+-------------+-------------+-------------+-------------+
| 1             |        3960 |       40201 |       14903 |       39341 |
| 2             |        2908 |       31430 |       11115 |       31020 |
| 3             |        1016 |       20276 |        4243 |       20179 |
| 4             |        1448 |       20998 |        5516 |       21267 |
| 5             |         920 |       16722 |        3539 |       16757 |
| 6             |         919 |       16756 |        3549 |       17287 |
| 7             |        5510 |       51354 |       20328 |       52653 |
| 8             |        3368 |       33728 |       12867 |       34428 |
| 9             |        4634 |       42329 |       17359 |       42107 |
| 10            |         931 |       12230 |        3580 |       12023 |
| 11            |         589 |       10804 |        2273 |       10682 |
| 12            |        1365 |       16675 |        5150 |       16320 |
| 13            |         725 |        9274 |        2751 |        8513 |
| 14            |        1410 |       19245 |        5425 |       18249 |
| 15            |        2324 |       30355 |        8982 |       28081 |
| 16            |        1879 |       22497 |        7103 |       20122 |
| 17            |        1429 |       28327 |        5525 |       27486 |
| 18            |        3072 |       31489 |       11549 |       28069 |
| 19            |         622 |       13323 |        2426 |       13275 |
| 20            |        3104 |       58755 |       11842 |       56734 |
| 21            |        1704 |       19997 |        6774 |       18138 |
| 22            |        4035 |       52230 |       15609 |       48931 |
| 23            |        1790 |       31500 |        7043 |       32237 |
| 24            |        1287 |       19765 |        4396 |       19883 |
+---------------+-------------+-------------+-------------+-------------+

Optimized score - 18576 (optimized ratio x2.9)

Single core        - 5081  
Multi core         - 64934  (MP ratio x12.8)
Quad core          - 19426  (MP ratio x3.8)
Workstation        - 64208  (MP ratio x12.6)

+---------------+-------------+-------------+-------------+-------------+
| Optimized     | Single core |  Multi core |   Quad core | Workstation |
+---------------+-------------+-------------+-------------+-------------+
| Maximum       |       13876 |      163156 |       53001 |      162728 |
| Average       |        6193 |       74899 |       23519 |       74315 |
| Geometric     |        5081 |       64934 |       19426 |       64208 |
| Harmonic      |        3767 |       53670 |       14533 |       53031 |
| Minimum       |         853 |       13282 |        3286 |       13256 |
+---------------+-------------+-------------+-------------+-------------+
| 1             |        9419 |      106286 |       35315 |      106078 |
| 2             |        7881 |       83999 |       29158 |       85144 |
| 3             |        5630 |       76910 |       24671 |       76359 |
| 4             |        8912 |       96099 |       32724 |       97035 |
| 5             |        3331 |       48555 |       12605 |       48492 |
| 6             |        4342 |       66198 |       16886 |       66817 |
| 7             |       13876 |      163156 |       53001 |      162728 |
| 8             |       10783 |      140851 |       40425 |      139674 |
| 9             |       10184 |      128046 |       38520 |      130594 |
| 10            |        7801 |       77852 |       29243 |       77163 |
| 11            |         853 |       13282 |        3286 |       13256 |
| 12            |        3968 |       45057 |       15144 |       44828 |
| 13            |        3720 |       36852 |       13867 |       37589 |
| 14            |        4493 |       48540 |       17112 |       48701 |
| 15            |        6859 |       72118 |       25757 |       71880 |
| 16            |        8236 |       77912 |       30688 |       78412 |
| 17            |        3339 |       58441 |       13115 |       58036 |
| 18            |       12552 |      145206 |       46704 |      144325 |
| 19            |         988 |       21181 |        3935 |       21263 |
| 20            |        2025 |       41480 |        7833 |       41463 |
| 21            |        5465 |       67062 |       20977 |       65386 |
| 22            |        6190 |       63993 |       23469 |       61547 |
| 23            |        3761 |       70803 |       14582 |       67059 |
| 24            |        4024 |       47692 |       15441 |       39724 |
+---------------+-------------+-------------+-------------+-------------+
