Evolution Benchmark report

Version            - 3.3.0
Date               - 08:37 02/05/2026
Compiler           - gcc (Debian 4.9.2-10+deb8u2) 4.9.2
Logical cores      - 48
CPU name           - AMD EPYC 9254 24-Core Processor                
Comment            - 

OVERALL RESULT     - 4700

Single core        - 923   
Multi core         - 30322  (MP ratio x32.8)
Quad core          - 3709   (MP ratio x4.0)
Workstation        - 30479  (MP ratio x33.0)

+---------------+-------------+-------------+-------------+-------------+
| Non optimized | Single core |  Multi core |   Quad core | Workstation |
+---------------+-------------+-------------+-------------+-------------+
| Maximum       |        3276 |       83633 |       13089 |       84258 |
| Average       |        1134 |       34709 |        4573 |       34897 |
| Geometric     |         923 |       30322 |        3709 |       30479 |
| Harmonic      |         770 |       26824 |        3080 |       26963 |
| Minimum       |         302 |       13306 |        1208 |       13424 |
+---------------+-------------+-------------+-------------+-------------+
| 1             |        2170 |       56644 |        8686 |       56171 |
| 2             |        1496 |       38925 |        6007 |       39281 |
| 3             |         592 |       27386 |        2408 |       27402 |
| 4             |         731 |       27145 |        2942 |       27238 |
| 5             |         515 |       23337 |        2051 |       23355 |
| 6             |         528 |       23050 |        2112 |       23188 |
| 7             |        3276 |       83633 |       13089 |       84258 |
| 8             |        1424 |       41130 |        6786 |       41432 |
| 9             |        2383 |       56449 |        9532 |       56854 |
| 10            |         438 |       15246 |        1751 |       15273 |
| 11            |         302 |       14217 |        1208 |       14262 |
| 12            |         719 |       18846 |        2890 |       18909 |
| 13            |         451 |       13306 |        1736 |       13424 |
| 14            |         645 |       20165 |        2495 |       20417 |
| 15            |        1421 |       41112 |        5684 |       41424 |
| 16            |        1021 |       26548 |        4055 |       26718 |
| 17            |         800 |       47845 |        3192 |       48312 |
| 18            |        1124 |       29000 |        4494 |       29030 |
| 19            |         403 |       18596 |        1614 |       18660 |
| 20            |        1268 |       56432 |        5071 |       56164 |
| 21            |         813 |       19372 |        3223 |       19559 |
| 22            |        2865 |       76352 |       11406 |       77523 |
| 23            |        1105 |       33868 |        4421 |       34111 |
| 24            |         726 |       24419 |        2907 |       24567 |
+---------------+-------------+-------------+-------------+-------------+

Optimized score - 21205 (optimized ratio x4.5)

Single core        - 4279  
Multi core         - 129616 (MP ratio x30.3)
Quad core          - 17192  (MP ratio x4.0)
Workstation        - 131637 (MP ratio x30.8)

+---------------+-------------+-------------+-------------+-------------+
| Optimized     | Single core |  Multi core |   Quad core | Workstation |
+---------------+-------------+-------------+-------------+-------------+
| Maximum       |       19924 |      453823 |       80683 |      454438 |
| Average       |        5766 |      154538 |       23117 |      156459 |
| Geometric     |        4279 |      129616 |       17192 |      131637 |
| Harmonic      |        3369 |      112521 |       13589 |      114394 |
| Minimum       |        1365 |       55624 |        5461 |       59866 |
+---------------+-------------+-------------+-------------+-------------+
| 1             |       18072 |      401598 |       72409 |      385655 |
| 2             |        5488 |      135318 |       21750 |      135055 |
| 3             |        4258 |      142751 |       17032 |      141682 |
| 4             |        3593 |       93630 |       14087 |       94188 |
| 5             |        2009 |       76690 |        8036 |       76670 |
| 6             |        2299 |       84804 |        9204 |       84670 |
| 7             |       19924 |      453823 |       80683 |      454438 |
| 8             |       11805 |      266927 |       47225 |      272478 |
| 9             |       10374 |      243006 |       41550 |      240501 |
| 10            |        3743 |       99162 |       14972 |      100090 |
| 11            |        2098 |       73406 |        8395 |       73444 |
| 12            |        5574 |      131920 |       22280 |      132439 |
| 13            |        1670 |       55624 |        7398 |       59866 |
| 14            |        2818 |       81518 |       11333 |       86332 |
| 15            |        5024 |      164704 |       20095 |      168236 |
| 16            |        4805 |      118275 |       19283 |      128592 |
| 17            |        3470 |      146599 |       13873 |      152250 |
| 18            |       11812 |      283165 |       46815 |      304286 |
| 19            |        1365 |       64515 |        5461 |       64533 |
| 20            |        1585 |       75206 |        6339 |       75233 |
| 21            |        7656 |      191429 |       30613 |      194961 |
| 22            |        3624 |      114690 |       14682 |      118361 |
| 23            |        3172 |      141782 |       12691 |      144029 |
| 24            |        2137 |       68370 |        8608 |       67034 |
+---------------+-------------+-------------+-------------+-------------+
