Evolution Benchmark report

Version            - 3.3.0
Date               - 8:55 16/12/2023
Compiler           - cc (Debian 12.2.0-14) 12.2.0
Logical cores      - 32
Important          - 1
KEYWORD_CPU_ARCH_ID- AMD_ZEN3
CLOCKRATE_MAX      - 4900
CLOCKRATE_BASE     - 3400
TDP_MAX            - 142
CPU name           - AMD Ryzen 9 5950X 16-Core Processor            
Comment            - 

OVERALL RESULT     - 4076

Single core        - 982
Multi core         - 17876 (MP ratio x18.2)
Quad core          - 3858 (MP ratio x3.9)
Workstation        - 17589 (MP ratio x17.9)

+---------------+-------------+-------------+-------------+-------------+
| Non optimized | Single core |  Multi core |  Quad core  | Workstation |
+---------------+-------------+-------------+-------------+-------------+
| Maximum       |        3254 |       46644 |       12737 |       46342 |
| Average       |        1175 |       20230 |        4595 |       19936 |
| Geometric     |         982 |       17876 |        3858 |       17589 |
| Harmonic      |         835 |       15959 |        3287 |       15688 |
| Minimum       |         331 |        7306 |        1307 |        7212 |
+---------------+-------------+-------------+-------------+-------------+
| 1             |        2344 |       32529 |        9187 |       31990 |
| 2             |        1152 |       19905 |        4354 |       19701 |
| 3             |         772 |       18428 |        3081 |       17984 |
| 4             |         793 |       17133 |        3243 |       16730 |
| 5             |         633 |       16051 |        2519 |       15759 |
| 6             |         667 |       12990 |        2593 |       12724 |
| 7             |        3254 |       46644 |       12737 |       46342 |
| 8             |        1722 |       24336 |        6792 |       23983 |
| 9             |        2249 |       33123 |        8724 |       32517 |
| 10            |         524 |        9501 |        2050 |        9352 |
| 11            |         393 |       10004 |        1552 |        9816 |
| 12            |         772 |       11102 |        3071 |       10699 |
| 13            |         331 |        7306 |        1307 |        7212 |
| 14            |         557 |       10372 |        2170 |       10268 |
| 15            |        1402 |       20876 |        5547 |       20914 |
| 16            |         986 |       14428 |        3862 |       14177 |
| 17            |         968 |       26442 |        3806 |       26123 |
| 18            |        1129 |       16731 |        4480 |       16540 |
| 19            |         507 |       13131 |        1994 |       13004 |
| 20            |        1490 |       36576 |        5831 |       36877 |
| 21            |         840 |       11177 |        3286 |       11045 |
| 22            |        2663 |       41894 |       10034 |       40853 |
| 23            |        1254 |       20268 |        4940 |       19908 |
| 24            |         788 |       14565 |        3130 |       13944 |
+---------------+-------------+-------------+-------------+-------------+

Optimized score - 19134 (optimized ratio x4.7)

Single core        - 4779
Multi core         - 77758 (MP ratio x16.3)
Quad core          - 18851 (MP ratio x3.9)
Workstation        - 80574 (MP ratio x16.9)

+---------------+-------------+-------------+-------------+-------------+
| Optimized     | Single core |  Multi core |  Quad core  | Workstation |
+---------------+-------------+-------------+-------------+-------------+
| Maximum       |       21989 |      295800 |       85808 |      298199 |
| Average       |        6479 |       94440 |       25672 |       98444 |
| Geometric     |        4779 |       77758 |       18851 |       80574 |
| Harmonic      |        3683 |       65296 |       14456 |       67646 |
| Minimum       |        1575 |       23542 |        6155 |       29224 |
+---------------+-------------+-------------+-------------+-------------+
| 1             |       20039 |      223715 |       78203 |      222260 |
| 2             |        5525 |       74726 |       21324 |       77150 |
| 3             |        5086 |       95288 |       20013 |       94650 |
| 4             |        5108 |       82605 |       20044 |       83943 |
| 5             |        2156 |       46462 |        8490 |       45507 |
| 6             |        2560 |       54862 |       10121 |       54396 |
| 7             |       21989 |      295800 |       85808 |      298199 |
| 8             |       11431 |      136713 |       44937 |      144386 |
| 9             |       11053 |      139019 |       43571 |      146831 |
| 10            |        5995 |       60503 |       23673 |       62135 |
| 11            |        2531 |       44341 |        9967 |       44456 |
| 12            |        7397 |       88033 |       29173 |       91759 |
| 13            |        1672 |       29841 |        6555 |       29487 |
| 14            |        2542 |       45206 |        9641 |       44656 |
| 15            |        5566 |       91310 |       21889 |      103378 |
| 16            |        4571 |       60583 |       18036 |       60667 |
| 17            |        3921 |       89407 |       15408 |       87157 |
| 18            |        9655 |      171553 |       44597 |      177933 |
| 19            |        1575 |       43936 |        6155 |       42533 |
| 20            |        1889 |       51654 |        7368 |       49868 |
| 21            |       13941 |      172551 |       54894 |      213788 |
| 22            |        4088 |       59397 |       15847 |       66831 |
| 23            |        3567 |       85516 |       13924 |       91457 |
| 24            |        1644 |       23542 |        6481 |       29224 |
+---------------+-------------+-------------+-------------+-------------+
