Evolution Benchmark report

Version            - 3.3.1
Date               - 17:00 08/03/2025
Compiler           - gcc (Debian 4.9.2-10+deb8u2) 4.9.2
Logical cores      - 4
CPU name           - Intel(R) Core(TM) i3-9100 CPU @ 3.60GHz
Comment            - 

OVERALL RESULT     - 1965

Single core        - 803   
Multi core         - 3075   (MP ratio x3.8)
Quad core          - 3075   (MP ratio x3.8)
Workstation        - 3071   (MP ratio x3.8)

+---------------+-------------+-------------+-------------+-------------+
| Non optimized | Single core |  Multi core |   Quad core | Workstation |
+---------------+-------------+-------------+-------------+-------------+
| Maximum       |        1922 |        7336 |        7336 |        7334 |
| Average       |         916 |        3512 |        3512 |        3507 |
| Geometric     |         803 |        3075 |        3075 |        3071 |
| Harmonic      |         708 |        2710 |        2710 |        2707 |
| Minimum       |         358 |        1363 |        1363 |        1361 |
+---------------+-------------+-------------+-------------+-------------+
| 1             |        1634 |        6296 |        6296 |        6287 |
| 2             |        1187 |        4541 |        4541 |        4423 |
| 3             |         703 |        2707 |        2707 |        2707 |
| 4             |         680 |        2773 |        2773 |        2773 |
| 5             |         538 |        2059 |        2059 |        2057 |
| 6             |         619 |        2351 |        2351 |        2359 |
| 7             |        1922 |        7336 |        7336 |        7334 |
| 8             |        1256 |        4768 |        4768 |        4785 |
| 9             |        1695 |        6682 |        6682 |        6677 |
| 10            |         433 |        1647 |        1647 |        1648 |
| 11            |         358 |        1363 |        1363 |        1361 |
| 12            |         521 |        2016 |        2016 |        2012 |
| 13            |         369 |        1389 |        1389 |        1389 |
| 14            |         508 |        1912 |        1912 |        1913 |
| 15            |        1189 |        4529 |        4529 |        4534 |
| 16            |         707 |        2691 |        2691 |        2691 |
| 17            |        1086 |        4141 |        4141 |        4142 |
| 18            |         872 |        3321 |        3321 |        3322 |
| 19            |         449 |        1715 |        1715 |        1715 |
| 20            |        1539 |        5849 |        5849 |        5846 |
| 21            |         591 |        2280 |        2280 |        2271 |
| 22            |        1682 |        6366 |        6366 |        6367 |
| 23            |         931 |        3547 |        3547 |        3547 |
| 24            |         529 |        2021 |        2021 |        2018 |
+---------------+-------------+-------------+-------------+-------------+

Optimized score - 7385 (optimized ratio x3.8)

Single core        - 3026  
Multi core         - 11535  (MP ratio x3.8)
Quad core          - 11535  (MP ratio x3.8)
Workstation        - 11532  (MP ratio x3.8)

+---------------+-------------+-------------+-------------+-------------+
| Optimized     | Single core |  Multi core |   Quad core | Workstation |
+---------------+-------------+-------------+-------------+-------------+
| Maximum       |       13635 |       52020 |       52020 |       52024 |
| Average       |        4019 |       15326 |       15326 |       15324 |
| Geometric     |        3026 |       11535 |       11535 |       11532 |
| Harmonic      |        2431 |        9262 |        9262 |        9257 |
| Minimum       |        1038 |        3959 |        3959 |        3960 |
+---------------+-------------+-------------+-------------+-------------+
| 1             |       12445 |       47468 |       47468 |       47472 |
| 2             |        4367 |       16645 |       16645 |       16652 |
| 3             |        2616 |        9978 |        9978 |        9977 |
| 4             |        2857 |       10895 |       10895 |       10893 |
| 5             |        1360 |        5187 |        5187 |        5187 |
| 6             |        1813 |        6916 |        6916 |        6916 |
| 7             |       13635 |       52020 |       52020 |       52024 |
| 8             |        8144 |       31066 |       31066 |       31066 |
| 9             |        7370 |       28108 |       28108 |       28106 |
| 10            |        3509 |       13381 |       13381 |       13383 |
| 11            |        1343 |        5123 |        5123 |        5123 |
| 12            |        3152 |       12020 |       12020 |       12021 |
| 13            |        1396 |        5263 |        5263 |        5264 |
| 14            |        2087 |        7941 |        7941 |        7947 |
| 15            |        6198 |       23640 |       23640 |       23640 |
| 16            |        2795 |       10655 |       10655 |       10656 |
| 17            |        2407 |        9181 |        9181 |        9181 |
| 18            |        7702 |       29386 |       29386 |       29389 |
| 19            |        1038 |        3959 |        3959 |        3960 |
| 20            |        1318 |        5028 |        5028 |        5028 |
| 21            |        2031 |        7746 |        7746 |        7747 |
| 22            |        2899 |       11061 |       11061 |       11058 |
| 23            |        2377 |        9065 |        9065 |        9064 |
| 24            |        1594 |        6082 |        6082 |        6031 |
+---------------+-------------+-------------+-------------+-------------+
