Evolution Benchmark report

Version            - 3.3.0
Date               - 02:13 05/06/2026
Compiler           - Apple clang version 15.0.0 (clang-1500.3.9.4)
Logical cores      - 16
KEYWORD_CPU_ARCH_ID- APPLE_M3
Important          - 1
CLOCKRATE_MAX      - 4000
TDP_MAX            - 80
CPU name           - Apple M3 Max
Comment            - Apple M3 Max / Macbook Pro 16

OVERALL RESULT     - 5709

Single core        - 1607  
Multi core         - 19034  (MP ratio x11.8)
Quad core          - 6082   (MP ratio x3.8)
Workstation        - 17009  (MP ratio x10.6)

+---------------+-------------+-------------+-------------+-------------+
| Non optimized | Single core |  Multi core |   Quad core | Workstation |
+---------------+-------------+-------------+-------------+-------------+
| Maximum       |        4849 |       55498 |       18619 |       51187 |
| Average       |        1859 |       22094 |        7062 |       20303 |
| Geometric     |        1607 |       19034 |        6082 |       17009 |
| Harmonic      |        1406 |       16594 |        5292 |       14420 |
| Minimum       |         727 |        8379 |        2489 |        6659 |
+---------------+-------------+-------------+-------------+-------------+
| 1             |        2587 |       31426 |        9886 |       29807 |
| 2             |        1861 |       22470 |        7156 |       21440 |
| 3             |        1798 |       20315 |        6858 |       14991 |
| 4             |        1549 |       17956 |        5921 |       15155 |
| 5             |        1218 |       14067 |        4571 |       10515 |
| 6             |        1224 |       13748 |        4605 |       11648 |
| 7             |        3585 |       43848 |       13620 |       42476 |
| 8             |        2390 |       29346 |        9167 |       28453 |
| 9             |        3547 |       43013 |       13621 |       41693 |
| 10            |        1053 |       12000 |        3983 |       10290 |
| 11            |         894 |       10115 |        3417 |        6659 |
| 12            |         899 |       10623 |        3439 |       10321 |
| 13            |         753 |        8379 |        2793 |        7496 |
| 14            |         976 |       11919 |        3765 |       11181 |
| 15            |        2934 |       34909 |       11232 |       33472 |
| 16            |        1230 |       14584 |        4652 |       14099 |
| 17            |        1624 |       18954 |        6130 |       16069 |
| 18            |        2219 |       27282 |        8531 |       26917 |
| 19            |         727 |        8844 |        2489 |        6843 |
| 20            |        2758 |       32785 |       10035 |       31929 |
| 21            |        1314 |       15426 |        5013 |       15180 |
| 22            |        4849 |       55498 |       18619 |       51187 |
| 23            |        1870 |       23270 |        7147 |       20222 |
| 24            |         749 |        9475 |        2851 |        9233 |
+---------------+-------------+-------------+-------------+-------------+

Optimized score - 21808 (optimized ratio x3.8)

Single core        - 6108  
Multi core         - 72882  (MP ratio x11.9)
Quad core          - 23298  (MP ratio x3.8)
Workstation        - 70013  (MP ratio x11.5)

+---------------+-------------+-------------+-------------+-------------+
| Optimized     | Single core |  Multi core |   Quad core | Workstation |
+---------------+-------------+-------------+-------------+-------------+
| Maximum       |       22304 |      255358 |       85567 |      251452 |
| Average       |        7886 |       93098 |       30219 |       89657 |
| Geometric     |        6108 |       72882 |       23298 |       70013 |
| Harmonic      |        4723 |       56904 |       17825 |       54227 |
| Minimum       |        1280 |       15557 |        4545 |       13864 |
+---------------+-------------+-------------+-------------+-------------+
| 1             |       11527 |      134318 |       44187 |      127686 |
| 2             |        7928 |       91639 |       30462 |       85399 |
| 3             |        4186 |       50864 |       16200 |       48632 |
| 4             |        6112 |       61660 |       23751 |       59736 |
| 5             |        2540 |       30898 |        9351 |       29590 |
| 6             |        2439 |       29661 |        9192 |       28910 |
| 7             |       22304 |      255358 |       85567 |      251452 |
| 8             |       17191 |      197218 |       65994 |      190182 |
| 9             |       19611 |      228936 |       75956 |      218251 |
| 10            |        7283 |       88193 |       27951 |       85388 |
| 11            |        2780 |       32814 |       10780 |       32167 |
| 12            |        7632 |       87468 |       29265 |       85409 |
| 13            |        3197 |       37158 |       12248 |       36243 |
| 14            |        4300 |       49747 |       16490 |       47972 |
| 15            |       16633 |      193124 |       63794 |      184271 |
| 16            |        5948 |       73074 |       23127 |       69972 |
| 17            |        3926 |       51900 |       15774 |       49238 |
| 18            |       13730 |      172110 |       52696 |      167066 |
| 19            |        1280 |       15557 |        4545 |       13864 |
| 20            |        6200 |       77046 |       22199 |       76070 |
| 21            |        6493 |       79429 |       24942 |       78368 |
| 22            |        8173 |       96406 |       31358 |       89177 |
| 23            |        5100 |       64157 |       18901 |       62695 |
| 24            |        2743 |       35607 |       10513 |       34035 |
+---------------+-------------+-------------+-------------+-------------+
