Evolution Benchmark report

Version            - 3.3.0
Date               - 23:19 25/10/2024
Compiler           - cc (Debian 12.2.0-14) 12.2.0
Logical cores      - 12
CPU name           - Intel(R) Core(TM) i5-1235U
Comment            - Real TDP = 15 watt

OVERALL RESULT     - 2574

Single core        - 1264  
Multi core         - 4651   (MP ratio x3.7)
Quad core          - 2899   (MP ratio x2.3)
Workstation        - 4572   (MP ratio x3.6)

+---------------+-------------+-------------+-------------+-------------+
| Non optimized | Single core |  Multi core |   Quad core | Workstation |
+---------------+-------------+-------------+-------------+-------------+
| Maximum       |        3824 |       12382 |        8093 |       12493 |
| Average       |        1483 |        5293 |        3374 |        5204 |
| Geometric     |        1264 |        4651 |        2899 |        4572 |
| Harmonic      |        1096 |        4138 |        2531 |        4071 |
| Minimum       |         535 |        2103 |        1209 |        2057 |
+---------------+-------------+-------------+-------------+-------------+
| 1             |        2646 |        8820 |        5880 |        8704 |
| 2             |        1835 |        6373 |        3967 |        6246 |
| 3             |        1094 |        4106 |        2345 |        3976 |
| 4             |        1102 |        4204 |        2440 |        4127 |
| 5             |         822 |        3401 |        1779 |        3400 |
| 6             |         975 |        3220 |        2060 |        3238 |
| 7             |        3824 |       12382 |        8093 |       12493 |
| 8             |        1941 |        6818 |        4396 |        6774 |
| 9             |        2518 |        8858 |        5986 |        8730 |
| 10            |         736 |        2435 |        1651 |        2414 |
| 11            |         541 |        2103 |        1209 |        2057 |
| 12            |         718 |        3008 |        1784 |        2988 |
| 13            |         535 |        2432 |        1355 |        2411 |
| 14            |         846 |        3004 |        1935 |        2987 |
| 15            |        1686 |        6149 |        4004 |        6005 |
| 16            |        1210 |        4218 |        2762 |        4159 |
| 17            |        1515 |        5994 |        3501 |        5832 |
| 18            |        1344 |        4740 |        3211 |        4767 |
| 19            |         658 |        2863 |        1567 |        2803 |
| 20            |        2746 |        9800 |        6388 |        9760 |
| 21            |         874 |        2932 |        2032 |        2912 |
| 22            |        3224 |       10158 |        7139 |        9703 |
| 23            |        1371 |        5628 |        3435 |        5162 |
| 24            |         839 |        3390 |        2064 |        3240 |
+---------------+-------------+-------------+-------------+-------------+

Optimized score - 10584 (optimized ratio x4.1)

Single core        - 5222  
Multi core         - 18964  (MP ratio x3.6)
Quad core          - 11973  (MP ratio x2.3)
Workstation        - 18752  (MP ratio x3.6)

+---------------+-------------+-------------+-------------+-------------+
| Optimized     | Single core |  Multi core |   Quad core | Workstation |
+---------------+-------------+-------------+-------------+-------------+
| Maximum       |       22193 |       69922 |       48381 |       69614 |
| Average       |        6815 |       23353 |       15377 |       23212 |
| Geometric     |        5222 |       18964 |       11973 |       18752 |
| Harmonic      |        4089 |       16024 |        9637 |       15770 |
| Minimum       |        1457 |        8201 |        3836 |        7862 |
+---------------+-------------+-------------+-------------+-------------+
| 1             |       16995 |       55764 |       40405 |       56095 |
| 2             |        5633 |       19560 |       13060 |       19624 |
| 3             |        6354 |       21532 |       13511 |       21594 |
| 4             |        5116 |       17815 |       11814 |       17750 |
| 5             |        2411 |        9240 |        5327 |        9165 |
| 6             |        3361 |       11569 |        7207 |       11437 |
| 7             |       22193 |       69922 |       48381 |       69614 |
| 8             |       11338 |       35278 |       23775 |       35068 |
| 9             |       11767 |       38007 |       24797 |       37466 |
| 10            |        5378 |       19107 |       12775 |       19117 |
| 11            |        2885 |       10331 |        6599 |       10143 |
| 12            |        6997 |       18673 |       15198 |       18642 |
| 13            |        3066 |        9709 |        5732 |        9372 |
| 14            |        3135 |        9961 |        7251 |       10258 |
| 15            |        6992 |       21496 |       13533 |       20922 |
| 16            |        4457 |       17003 |       10723 |       16998 |
| 17            |        4491 |       18334 |       10245 |       18055 |
| 18            |       13599 |       38362 |       27414 |       38175 |
| 19            |        1457 |        8201 |        3836 |        7862 |
| 20            |        1583 |        9347 |        4436 |        8806 |
| 21            |       13882 |       57085 |       35997 |       57870 |
| 22            |        4381 |       15280 |       10467 |       15149 |
| 23            |        4084 |       19596 |       11429 |       18830 |
| 24            |        1995 |        9296 |        5136 |        9071 |
+---------------+-------------+-------------+-------------+-------------+
